0.2959722876548767 0.7040276527404785
0.5340763330459595 0.46592360734939575
0.032511644065380096 0.9674884080886841
0.3806660771369934 0.6193339228630066
0.033797480165958405 0.9662024974822998
0.4430167078971863 0.5569832921028137
0.09204266965389252 0.9079573750495911
0.055439069867134094 0.9445609450340271
0.41827893257141113 0.5817210674285889
0.38321200013160706 0.6167880296707153
0.4204486608505249 0.5795513391494751
0.0116852642968297 0.9883147478103638
0.26808688044548035 0.7319130897521973
0.13489708304405212 0.8651029467582703
0.32583945989608765 0.6741605401039124
0.18912141025066376 0.810878574848175
0.037073198705911636 0.9629268050193787
0.4008157253265381 0.5991842746734619
0.10310789942741394 0.8968921303749084
0.6205981373786926 0.37940189242362976
0.46558740735054016 0.5344125628471375
0.05838991701602936 0.9416100382804871
0.27538204193115234 0.7246179580688477
0.770922064781189 0.22907797992229462
0
0.1296790987253189 0.8703209161758423
0.8549274802207947 0.1450725793838501
0.029962029308080673 0.9700379967689514
0
0.22594556212425232 0.7740544080734253
0.7658076286315918 0.2341923713684082
0.024906041100621223 0.9750940203666687
0.03111059032380581 0.9688894748687744
0.14443328976631165 0.855566680431366
0.07785675674676895 0.9221432209014893
0.25683048367500305 0.7431694865226746
0.1724541336297989 0.8275458216667175
0.3540406823158264 0.6459592580795288
0.7219983339309692 0.278001606464386
0.8141638040542603 0.18583625555038452
0.036643318831920624 0.9633567333221436
0
0.06542886048555374 0.9345711469650269
0.15767934918403625 0.8423206210136414
0.164522185921669 0.8354777693748474
0.0424705408513546 0.9575294256210327
0.4170213043689728 0.5829786658287048
0.12803998589515686 0.8719600439071655
0.40606752038002014 0.5939325094223022
0.09099818766117096 0.9090018272399902
0.13707660138607025 0.8629234433174133
0.246165931224823 0.753834068775177
0.8712165355682373 0.12878340482711792
0.6301052570343018 0.36989477276802063
0.5778064727783203 0.42219358682632446
0.18793736398220062 0.812062680721283
0.22146432101726532 0.7785356640815735
0.6318623423576355 0.3681376278400421
0.013933496549725533 0.9860665202140808
0.38237759470939636 0.6176223754882812
0.4382355213165283 0.5617644786834717
0.22905148565769196 0.7709484696388245
0.4664268493652344 0.5335731506347656
0.1538425236940384 0.8461574912071228
0
0.01420104131102562 0.9857989549636841
0
0.060479119420051575 0.9395208954811096
0.4828723669052124 0.5171276330947876
0.09030500054359436 0.909695029258728
0.05440451577305794 0.9455954432487488
0.4664268493652344 0.5335731506347656
0.16220949590206146 0.8377905488014221
0.04673969745635986 0.9532603621482849
0.04300326481461525 0.9569966793060303
0.024030202999711037 0.9759698510169983
0.009776916354894638 0.9902231693267822
0.10839736461639404 0.891602635383606
0.18271419405937195 0.8172858357429504
0.7191365957260132 0.2808634340763092
0.050394587218761444 0.949605405330658
0.9129883050918579 0.0870116651058197
0.07964769750833511 0.9203522801399231
0.031039481982588768 0.9689605236053467
0.04495564103126526 0.9550443291664124
0.8727193474769592 0.12728063762187958
0.6258000135421753 0.3741999864578247
0.6691327691078186 0.3308672308921814
0
0.19577449560165405 0.8042254447937012
0.2840547561645508 0.7159452438354492
0.47527265548706055 0.5247273445129395
0.2397235780954361 0.7602764368057251
0.09827324748039246 0.9017267823219299
0.24453940987586975 0.7554606199264526
0.1659606546163559 0.8340393304824829
0.5620842576026917 0.4379158020019531
0.7889816164970398 0.2110183835029602
0.3260113000869751 0.6739887595176697
0.023951318114995956 0.9760486483573914
0.015024512074887753 0.9849755167961121
0.034492574632167816 0.9655073881149292
0.025730514898896217 0.974269449710846
0.046688664704561234 0.9533113837242126
0.2398204505443573 0.7601795792579651
0.5148983597755432 0.4851016402244568
0.013291473500430584 0.9867085218429565
0.511735737323761 0.48826420307159424
0.04271479696035385 0.9572852253913879
0.49198010563850403 0.5080199241638184
0.11955971270799637 0.8804402947425842
0.13566960394382477 0.8643303513526917
0.12982109189033508 0.8701788783073425
0.3049222528934479 0.6950777173042297
0.07636167854070663 0.9236383438110352
0.6118936538696289 0.3881063163280487
0.4269755184650421 0.5730244517326355
0.2636338174343109 0.7363661527633667
0.008834936656057835 0.9911651015281677
0.30633246898651123 0.6936675310134888
0
0.1721470206975937 0.8278530240058899
0.3241155743598938 0.6758843660354614
0.017793050035834312 0.9822069406509399
0.0954323410987854 0.9045677185058594
0.12412664294242859 0.8758733868598938
0.03238964453339577 0.9676103591918945
0.034586865454912186 0.9654131531715393
0.029100509360432625 0.9708995223045349
0.06614769995212555 0.9338522553443909
0.37182387709617615 0.6281761527061462
0.08120158314704895 0.9187983870506287
0.03680405020713806 0.9631959199905396
0.0501667857170105 0.9498332142829895
0.01258037518709898 0.9874196648597717
0.03943442925810814 0.9605656266212463
0.038068078458309174 0.9619318842887878
0.04327797144651413 0.95672208070755
0.6559301614761353 0.3440698981285095
0.07550390064716339 0.9244961142539978
0.1864594668149948 0.813540518283844
0.14896273612976074 0.8510372638702393
0.11575082689523697 0.8842491507530212
0.6601962447166443 0.3398037850856781
0.14001710712909698 0.8599829077720642
0.032486721873283386 0.9675132632255554
0.37557336688041687 0.6244266629219055
0.5361109375953674 0.4638890326023102
0.1396501064300537 0.8603499531745911
0.8258077502250671 0.17419221997261047
0.993953287601471 0.006046679336577654
0.5480956435203552 0.4519043266773224
0.05086773261427879 0.9491322040557861
0.07505936920642853 0.9249407052993774
0.24194979667663574 0.7580502033233643
0
0.6495791673660278 0.35042086243629456
0.07823015004396439 0.9217698574066162
0.6085224747657776 0.3914775550365448
0.013823430985212326 0.9861765503883362
0.015810975804924965 0.984188973903656
0.5090667009353638 0.4909333288669586
0.3735353350639343 0.6264647245407104
0.012357426807284355 0.9876425266265869
0.2248886525630951 0.7751113176345825
0.03991172835230827 0.9600882530212402
0.41674673557281494 0.5832532644271851
0.23479774594306946 0.7652022838592529
0.25141921639442444 0.7485807538032532
0.11963706463575363 0.8803629875183105
0.15018276870250702 0.8498172163963318
0.41006746888160706 0.5899325013160706
0.03227958455681801 0.9677203893661499
0.46808046102523804 0.531919538974762
0.06477874517440796 0.935221254825592
0.39353111386299133 0.6064688563346863
0.3901239335536957 0.6098760366439819
0.028399182483553886 0.9716008305549622
0.505571722984314 0.49442827701568604
0.08705319464206696 0.9129468202590942
0.3006018400192261 0.6993981599807739
0.33917585015296936 0.660824179649353
0.6569037437438965 0.3430963158607483
0.27405181527137756 0.7259481549263
0.1433577537536621 0.8566423058509827
0.18587350845336914 0.8141264915466309
0.009196214377880096 0.9908038377761841
0.028236491605639458 0.971763551235199
0.4145807921886444 0.585419237613678
0.031929995864629745 0.9680699706077576
0.30753007531166077 0.6924699544906616
0.021568259224295616 0.978431761264801
0.439073383808136 0.560926616191864
0.34116294980049133 0.6588370203971863
0.1255798041820526 0.874420166015625
0.5367773175239563 0.4632226824760437
0.6306095719337463 0.36939048767089844
0.40143924951553345 0.5985607504844666
0.23438280820846558 0.7656171917915344
0.09090961515903473 0.9090903997421265
0.2064063549041748 0.7935936450958252
0.006184326484799385 0.9938156604766846
0.07576639950275421 0.9242335557937622
0.040228571742773056 0.959771454334259
0.05916163697838783 0.9408383369445801
0.21399210393428802 0.7860078811645508
0.05046897381544113 0.9495310187339783
0.010811016894876957 0.9891889095306396
0.8391510844230652 0.160848930478096
0.14284196496009827 0.8571580648422241
0.020122086629271507 0.9798778891563416
0.40468552708625793 0.5953144431114197
0.1150965765118599 0.8849033713340759
0.18908648192882538 0.8109135627746582
0.053958646953105927 0.9460413455963135
0.44644394516944885 0.5535560250282288
0.10252150893211365 0.8974785208702087
0.28094807267189026 0.7190519571304321
0.01822805218398571 0.9817719459533691
0.11745700240135193 0.8825429677963257
0.9623575210571289 0.0376424603164196
0.2283002734184265 0.7716997861862183
0.9362308979034424 0.06376917660236359
0.3186246156692505 0.6813753843307495
0.04321979731321335 0.9567802548408508
0.19604922831058502 0.8039507865905762
0.023670092225074768 0.9763299226760864
0.08897840231657028 0.9110215306282043
0.13065622746944427 0.8693437576293945
0.3200768530368805 0.6799231767654419
0.5109160542488098 0.4890839457511902
0.09130409359931946 0.9086958765983582
0.7897382378578186 0.2102617621421814
0.028152870014309883 0.9718471169471741
0.15356986224651337 0.8464300632476807
0.7726068496704102 0.22739312052726746
0.08669482916593552 0.9133051037788391
0.11272170394659042 0.8872783184051514
0.36119869351387024 0.6388012766838074
0.13895276188850403 0.8610472083091736
0
0.023672932758927345 0.9763270616531372
0.2604301869869232 0.7395698428153992
0.03171072527766228 0.968289315700531
0.22875289618968964 0.7712470889091492
0
0.37252044677734375 0.6274794936180115
0.17309258878231049 0.8269074559211731
0.1275521069765091 0.8724479675292969
0.1766895353794098 0.8233104348182678
0.12335047125816345 0.8766495585441589
0.15997393429279327 0.8400260806083679
0.045587290078401566 0.9544126987457275
0.0856073796749115 0.9143926501274109
0.016488268971443176 0.9835118055343628
0.18161381781101227 0.8183861970901489
0.13238705694675446 0.8676129579544067
0.0042557548731565475 0.9957442879676819
0.20242489874362946 0.7975751161575317
0.8908060193061829 0.10919401794672012
0.03810090944170952 0.9618990421295166
0.09445568174123764 0.9055443406105042
0.029628537595272064 0.9703714847564697
0.6680505871772766 0.33194947242736816
0.03199959546327591 0.9680003523826599
0.28648126125335693 0.7135187387466431
0.18078932166099548 0.8192107081413269
0.1612386703491211 0.8387613296508789
0.08583812415599823 0.9141618609428406
0.21974793076515198 0.7802520990371704
0.5603393316268921 0.4396606981754303
0.11898675560951233 0.8810132145881653
0.7967976927757263 0.20320235192775726
0.06361358612775803 0.9363864064216614
0.9134560823440552 0.08654391765594482
0.5333883166313171 0.4666116237640381
0.016030877828598022 0.9839690923690796
0.022953955456614494 0.9770460724830627
0.008879643864929676 0.9911203980445862
0.19726049900054932 0.8027394413948059
0.5028896331787109 0.49711042642593384
0.31369638442993164 0.6863036155700684
0.06426119059324265 0.935738742351532
0.9333040714263916 0.06669594347476959
0.05767195299267769 0.9423280358314514
0.968105137348175 0.031894881278276443
0.33900538086891174 0.6609945893287659
0.03136788681149483 0.9686321020126343
0.07325975596904755 0.9267402291297913
0.6376202702522278 0.3623797297477722
0.928266704082489 0.07173331826925278
0.49848824739456177 0.5015116930007935
0.004138622898608446 0.9958613514900208
0.01426542829722166 0.9857345819473267
0.0426911786198616 0.957308828830719
0.015144512988626957 0.9848554730415344
0.19823555648326874 0.8017644286155701
0.11414861679077148 0.8858513832092285
0.547452986240387 0.45254701375961304
0.41974279284477234 0.58025723695755
0.044097598642110825 0.9559024572372437
0.037997495383024216 0.9620025157928467
0.5624700784683228 0.43752992153167725
0.005694350693374872 0.9943056702613831
0.08186528831720352 0.9181347489356995
0.04335536062717438 0.956644594669342
0.013355624862015247 0.9866443276405334
0.031155316159129143 0.9688447117805481
0.1729971319437027 0.8270028829574585
0.005136766470968723 0.9948632121086121
0.0530453622341156 0.946954607963562
0.6221956014633179 0.37780439853668213
0.4543129801750183 0.5456870198249817
0.5102089047431946 0.4897910952568054
0.011292905546724796 0.9887070655822754
0.01693105697631836 0.9830689430236816
0.01674674265086651 0.9832531809806824
0.218814417719841 0.7811855673789978
0.19832587242126465 0.8016741275787354
0.09774630516767502 0.9022536873817444
0.6192615032196045 0.3807384967803955
0
0.22206301987171173 0.7779369950294495
0.020920751616358757 0.9790792465209961
0.07483634352684021 0.9251636862754822
0.33798032999038696 0.6620197296142578
0.03689120337367058 0.9631087779998779
0.5975956320762634 0.40240439772605896
0.7206999063491821 0.2793000638484955
0.15691883862018585 0.8430811762809753
0.0064408546313643456 0.9935591816902161
0.884476900100708 0.11552306264638901
0.14803217351436615 0.8519678115844727
0.0039722491055727005 0.9960277080535889
0.08719506859779358 0.9128049612045288
0.08203083276748657 0.9179691672325134
0.018154634162783623 0.9818453788757324
0.11886230111122131 0.8811376690864563
0.31185081601142883 0.6881492137908936
0.014226104132831097 0.9857739210128784
0.27407434582710266 0.725925624370575
0.015066464431583881 0.9849335551261902
0.28201884031295776 0.7179811596870422
0.30131423473358154 0.6986857652664185
0.5633032917976379 0.43669673800468445
0.010791255161166191 0.9892087578773499
0.04411332309246063 0.9558866620063782
0.008953419514000416 0.9910466074943542
0.8870204091072083 0.11297955363988876
0.08459119498729706 0.9154088497161865
0.9724206328392029 0.027579307556152344
0.07010216265916824 0.9298977851867676
0.052964258939027786 0.9470357894897461
0.028165800496935844 0.971834123134613
0.19742341339588165 0.8025766611099243
0.46940985321998596 0.5305901765823364
0.18470658361911774 0.8152934312820435
0.05515848845243454 0.9448415040969849
0.022642597556114197 0.9773574471473694
0.15999682247638702 0.8400031924247742
0.05459428206086159 0.9454057812690735
0.4366224408149719 0.5633775591850281
0.2467794269323349 0.7532205581665039
0.38154181838035583 0.6184582114219666
0.4026477038860321 0.5973522663116455
0.017496947199106216 0.9825030565261841
0.08029074966907501 0.9197092056274414
0.18020230531692505 0.819797694683075
0.007918179966509342 0.9920817613601685
0.038444750010967255 0.9615552425384521
0.04190342500805855 0.9580965638160706
0.3494175374507904 0.650582492351532
0.3625146448612213 0.6374853849411011
0.6414979100227356 0.3585021197795868
0.7821651101112366 0.2178349494934082
0.14471590518951416 0.8552841544151306
0.03179335221648216 0.9682066440582275
0.5068543553352356 0.4931456744670868
0.013840531930327415 0.9861595034599304
0.04753946140408516 0.9524605870246887
0.250261515378952 0.7497385144233704
0.5468572378158569 0.45314276218414307
0.8684061765670776 0.13159380853176117
0.16304905712604523 0.836950957775116
0.5638071298599243 0.43619289994239807
0.1607464700937271 0.8392534852027893
0.21018224954605103 0.7898176908493042
0.07266738265752792 0.9273325800895691
0.027360176667571068 0.972639799118042
0.9209049344062805 0.0790950208902359
0.23059561848640442 0.7694043517112732
0.02432817779481411 0.9756718277931213
0.5673664212226868 0.43263354897499084
0.06631316989660263 0.9336867928504944
0.07290664315223694 0.9270933866500854
0.22802676260471344 0.7719732522964478
0.22640740871429443 0.7735925912857056
0.11372709274291992 0.8862728476524353
0.052119530737400055 0.9478805065155029
0.11059051007032394 0.8894094824790955
0.42445310950279236 0.57554692029953
0.22950923442840576 0.7704907655715942
0.16219556331634521 0.8378044366836548
0.42336177825927734 0.5766382217407227
0.012025941163301468 0.9879740476608276
0.5580028295516968 0.4419971704483032
0.880932629108429 0.11906737089157104
0.015700554475188255 0.9842994213104248
0.24700522422790527 0.7529947757720947
0.006966704037040472 0.9930332899093628
0.6140042543411255 0.3859958052635193
0.7542432546615601 0.24575674533843994
0.3467552363872528 0.6532447934150696
0.4948022961616516 0.5051977038383484
0.08607705682516098 0.9139229655265808
0.06724096834659576 0.9327590465545654
0.13885991275310516 0.8611401319503784
0.04570721462368965 0.9542928338050842
0.8230966925621033 0.17690330743789673
0.21591618657112122 0.7840838432312012
0.004272510297596455 0.9957275390625
0.1240706592798233 0.8759293556213379
0.4724045991897583 0.5275954008102417
0.06865224987268448 0.9313477277755737
0.8330919146537781 0.1669081449508667
0.03268425911664963 0.9673157930374146
0.16112738847732544 0.8388726115226746
0.6626311540603638 0.337368905544281
0.26478490233421326 0.7352151274681091
0.07924021035432816 0.9207597970962524
0.9099929332733154 0.09000702947378159
0.034745875746011734 0.9652541875839233
0.0266741756349802 0.9733258485794067
0.43553438782691956 0.5644655823707581
0.04516652598977089 0.954833447933197
0.770076334476471 0.22992360591888428
0.16140344738960266 0.8385965824127197
0.05045817047357559 0.9495418667793274
0.649350643157959 0.35064932703971863
0.06819114834070206 0.9318088293075562
0.48825475573539734 0.511745274066925
0.11455725878477097 0.8854426741600037
0.10263220220804214 0.8973677158355713
0.8374078869819641 0.1625920534133911
0.09297553449869156 0.9070243835449219
0.9931018352508545 0.006898204330354929
0.4168233573436737 0.5831766724586487
0.008237363770604134 0.991762638092041
0.4847255349159241 0.5152744650840759
0.46377432346343994 0.5362256765365601
0.36913102865219116 0.6308689713478088
0.08755940198898315 0.9124405384063721
0.14381174743175507 0.8561882376670837
0.4985816478729248 0.5014183521270752
0.5129203796386719 0.48707956075668335
0.9538073539733887 0.04619259014725685
0.0693790540099144 0.9306209683418274
0.28767871856689453 0.7123212814331055
0.027540599927306175 0.9724594354629517
0.1819216012954712 0.8180783987045288
0.01998984068632126 0.9800102114677429
0.034856848418712616 0.9651431441307068
0.23530618846416473 0.7646938562393188
0.03145008161664009 0.968549907207489
0.05950183421373367 0.9404981732368469
0.35593128204345703 0.6440687775611877
0.009398350492119789 0.990601658821106
0.03592701256275177 0.9640729427337646
0.5421978831291199 0.45780208706855774
0.06735415756702423 0.9326457977294922
0.7655313014984131 0.23446868360042572
0.7740357518196106 0.22596418857574463
0.13531823456287384 0.8646817803382874
0.531923770904541 0.4680761992931366
0.10539723932743073 0.8946027755737305
0.009344085119664669 0.9906559586524963
0.010173015296459198 0.989827036857605
0.8397560715675354 0.1602439284324646
0.3979073762893677 0.6020926237106323
0.01822889782488346 0.9817711114883423
0.20823752880096436 0.7917624711990356
0.6938296556472778 0.3061703145503998
0.372027724981308 0.6279722452163696
0.02002047561109066 0.9799795150756836
0.021245447918772697 0.9787545800209045
0.18866492807865143 0.8113351464271545
0.7139120697975159 0.2860879898071289
0.301588237285614 0.698411762714386
0.10353367030620575 0.8964663147926331
0.7700598835945129 0.22994010150432587
0.013869373127818108 0.9861306548118591
0.8525227308273315 0.14747722446918488
0.15856149792671204 0.8414384722709656
0.9538342356681824 0.04616568982601166
0.05521869659423828 0.9447812438011169
0.17617875337600708 0.8238213062286377
0.17943286895751953 0.8205671310424805
0.3528614044189453 0.6471385955810547
0.3331482410430908 0.6668517589569092
0.11691029369831085 0.8830897212028503
0.16106371581554413 0.8389363288879395
0.07235848903656006 0.9276414513587952
0.01583673804998398 0.984163224697113
0.2748480439186096 0.7251518964767456
0.016580766066908836 0.9834191799163818
0.6073653697967529 0.39263463020324707
0.29249125719070435 0.7075087428092957
0.08918553590774536 0.9108145236968994
0.03862834721803665 0.961371660232544
0.11565404385328293 0.8843460083007812
0.30298441648483276 0.697015643119812
0.20390811562538147 0.7960918545722961
0.08583114296197891 0.9141688346862793
0.261229932308197 0.7387700080871582
0.7086361646652222 0.2913638949394226
0.023695483803749084 0.9763045907020569
0.5389711856842041 0.4610288441181183
0.008685300126671791 0.991314709186554
0.5431466102600098 0.45685335993766785
0.3672148585319519 0.6327852010726929
0.13374927639961243 0.8662506937980652
0.0655071958899498 0.9344927668571472
0.9211208820343018 0.07887909561395645
0.13266828656196594 0.8673317432403564
0.050149694085121155 0.94985032081604
0.21787545084953308 0.7821245193481445
0.7875055074691772 0.21249446272850037
0.19539019465446472 0.8046097755432129
0.03530694171786308 0.9646930694580078
0.004673266317695379 0.9953267574310303
0.4958585202693939 0.5041414499282837
0.10194128006696701 0.8980586528778076
0.07746581733226776 0.922534167766571
0.6885958313941956 0.31140413880348206
0.06997272372245789 0.9300273060798645
0.7990033030509949 0.20099665224552155
0.19657208025455475 0.8034279346466064
0.1773894727230072 0.8226105570793152
0.13343863189220428 0.8665614128112793
0.34494274854660034 0.6550572514533997
0.5543438792228699 0.44565609097480774
0.14731261134147644 0.8526873588562012
0.017543410882353783 0.9824565649032593
0.03653322160243988 0.9634667038917542
0.10884834080934525 0.8911516070365906
0.014473351649940014 0.9855266809463501
0.15028265118598938 0.8497173190116882
0.11556005477905273 0.8844399452209473
0.003733544610440731 0.9962664246559143
0.18309439718723297 0.8169056177139282
0.035055167973041534 0.9649448394775391
0.7363754510879517 0.26362448930740356
0.6791356801986694 0.32086431980133057
0.32863083481788635 0.6713691353797913
0.11956706643104553 0.8804329037666321
0.6035309433937073 0.3964691162109375
0.03045046515762806 0.9695495963096619
0.2527109980583191 0.7472890615463257
0.12661787867546082 0.8733820915222168
0.05696924775838852 0.9430307149887085
0.22888588905334473 0.7711141109466553
0.9304117560386658 0.06958825141191483
0.06882987916469574 0.9311701059341431
0.4164270758628845 0.5835729837417603
0.42795541882514954 0.5720445513725281
0.03343025594949722 0.9665696620941162
0.028597328811883926 0.971402645111084
0.04181348532438278 0.9581865668296814
0.6639917492866516 0.3360082507133484
0.06579793989658356 0.9342020750045776
0.6619578003883362 0.3380421996116638
0.10890135169029236 0.8910986185073853
0.04486650601029396 0.9551334977149963
0.21806704998016357 0.7819329500198364
0.21739082038402557 0.782609224319458
0.100562684237957 0.8994373679161072
0.031355369836091995 0.9686446785926819
0.004673266317695379 0.9953267574310303
0.637146532535553 0.362853467464447
0.08851104974746704 0.911488950252533
0.22519010305404663 0.7748098969459534
0.12498941272497177 0.8750105500221252
0.0756881833076477 0.9243118762969971
0.33649590611457825 0.6635041236877441
0.17618578672409058 0.8238142728805542
0.01159794069826603 0.9884020686149597
0.5131601095199585 0.4868399202823639
0.07047927379608154 0.9295206665992737
0.022843867540359497 0.9771561622619629
0.7841957211494446 0.2158043086528778
0.45304134488105774 0.5469586253166199
0.1515844315290451 0.8484155535697937
0.22288356721401215 0.7771164178848267
0.8137965202331543 0.18620352447032928
0.1228737160563469 0.8771263360977173
0
0.2425476461648941 0.7574523687362671
0.015754232183098793 0.9842458367347717
0.02736050821840763 0.9726395010948181
0.37152355909347534 0.6284764409065247
0.004247800447046757 0.995752215385437
0.7845768928527832 0.21542313694953918
0.1496220976114273 0.8503779172897339
0.08886808156967163 0.9111319780349731
0.22539573907852173 0.7746042609214783
0.4831155836582184 0.5168843865394592
0.01616625115275383 0.9838337302207947
0.05543723702430725 0.9445627331733704
0.5145657062530518 0.48543429374694824
0.038359519094228745 0.961640477180481
0.5231243968009949 0.4768756031990051
0.03927488997578621 0.9607251286506653
0.04527975991368294 0.9547201991081238
0.13223132491111755 0.8677687048912048
0.19901102781295776 0.8009889721870422
0.10519634932279587 0.8948036432266235
0.13153021037578583 0.868469774723053
0.7855717539787292 0.21442824602127075
0.11081863194704056 0.88918137550354
0.4182070195674896 0.5817930102348328
0
0.9104490280151367 0.0895509272813797
0.009966786950826645 0.9900332093238831
0.26675742864608765 0.7332425713539124
0.1162179633975029 0.8837820291519165
0.7111163139343262 0.28888368606567383
0.42168933153152466 0.5783106684684753
0.9190611243247986 0.0809389054775238
0.2810647785663605 0.7189351916313171
0.22529584169387817 0.7747041583061218
0.04421684145927429 0.9557831883430481
0.39834147691726685 0.6016585230827332
0.09445999562740326 0.9055399894714355
0.7206756472587585 0.27932438254356384
0.3671129643917084 0.632887065410614
0.013284302316606045 0.9867157340049744
0.051280342042446136 0.9487196803092957
0.37197384238243103 0.6280261278152466
0.6509767770767212 0.3490232229232788
0
0.03909891098737717 0.9609010815620422
0.030997738242149353 0.9690022468566895
0.33674156665802 0.6632584929466248
0.5243850946426392 0.47561490535736084
0.06407257914543152 0.9359274506568909
0.2936059236526489 0.7063940167427063
0.06893040239810944 0.931069552898407
0.10196756571531296 0.8980324268341064
0.16550107300281525 0.8344988822937012
0.16151908040046692 0.8384809494018555
0.7628563046455383 0.23714369535446167
0.12090177088975906 0.8790981769561768
0.019321447238326073 0.9806786179542542
0.658466637134552 0.341533362865448
0.6010945439338684 0.3989054560661316
0.10156385600566864 0.8984360694885254
0.012323801405727863 0.9876762628555298
0.37293994426727295 0.627060055732727
0.0034460595343261957 0.996553897857666
0.43105095624923706 0.5689489841461182
0.2150152623653412 0.7849847078323364
0.20506103336811066 0.7949389815330505
0.3396559953689575 0.6603440642356873
0.07962150871753693 0.9203784465789795
0.5901280641555786 0.409871906042099
0.1461849808692932 0.8538150191307068
0.055406603962183 0.9445933699607849
0.0059096175245940685 0.9940903782844543
0.2759592533111572 0.724040687084198
0.7461965084075928 0.25380346179008484
0.03861813619732857 0.9613819122314453
0.6593323349952698 0.3406676650047302
0.8512762188911438 0.1487237960100174
0.07375859469175339 0.926241397857666
0.6862528324127197 0.3137471079826355
0.006503860000520945 0.9934961795806885
0.7506935000419617 0.24930648505687714
0.30478736758232117 0.6952126026153564
0.05764542520046234 0.9423546195030212
0.27756911516189575 0.7224308848381042
0.08633695542812347 0.9136630296707153
0.5226941704750061 0.4773058593273163
0.7108640074729919 0.28913602232933044
0.11130312085151672 0.8886968493461609
0.19360394775867462 0.8063960075378418
0.15342848002910614 0.8465715646743774
0.0784861147403717 0.9215138554573059
0.23795293271541595 0.7620470523834229
0.9639894366264343 0.036010608077049255
0.03580441698431969 0.9641956090927124
0.3222576081752777 0.6777424216270447
0.8244408369064331 0.1755591332912445
0.01364749763160944 0.9863524436950684
0.16972534358501434 0.8302747011184692
0.4342271685600281 0.5657728314399719
0.10072633624076843 0.8992736339569092
0.030292684212327003 0.9697073101997375
0.015353688970208168 0.9846463799476624
0.22163304686546326 0.7783669829368591
0.40251702070236206 0.5974829792976379
