0.16117262840270996 0.1512473225593567 0.6875800490379333
0.9993301630020142 0.0003975033469032496 0.0002724134537857026
0.9989107847213745 0.0005958465626463294 0.0004934073076583445
0.9829051494598389 0.003873644396662712 0.01322118565440178
0.9987964630126953 0.0005691233091056347 0.0006344126886688173
0.9992741942405701 0.0004928567796014249 0.0002330147399334237
0.9966683983802795 0.0029538231901824474 0.0003778172249440104
0.9958633184432983 0.0026034549809992313 0.0015331989852711558
0.9992353916168213 0.0005627669161185622 0.00020190690702293068
0.9879931211471558 0.010776316747069359 0.0012305149575695395
0.9993966817855835 0.000445889396360144 0.00015738120418973267
0.9856706261634827 0.011688501574099064 0.0026409095153212547
0.9995884299278259 0.00026136430096812546 0.0001502302329754457
0.9991626739501953 0.0005117886466905475 0.00032553638448007405
0.9997733235359192 0.00013111000589560717 9.558261081110686e-05
0.9986622333526611 0.0007770608062855899 0.0005606657941825688
0.9996664524078369 0.00022119464119896293 0.0001123346301028505
0.999631404876709 0.00017944163118954748 0.0001891163265099749
0.9977468848228455 0.0013645641738548875 0.0008885419811122119
0.9992721676826477 0.0005169179639779031 0.00021097794524393976
0.9996851682662964 0.0001864731457317248 0.00012843555305153131
0.9946193695068359 0.0036363310646265745 0.00174425495788455
0.9992488026618958 0.00044886674731969833 0.0003023057652171701
0.9160568118095398 0.05605774000287056 0.02788540907204151
0
0.9992465972900391 0.000340396974934265 0.0004130238085053861
0.9996830224990845 0.00021358011872507632 0.00010338368156226352
0.9983768463134766 0.0008452448528259993 0.0007779119187034667
0
0.9995136260986328 0.0002804204705171287 0.00020593803492374718
0.6284130215644836 0.2284475564956665 0.14313943684101105
0.9993857145309448 0.0004540171648841351 0.00016021392366383225
0.9995612502098083 0.00030543660977855325 0.000133356501464732
0.9996558427810669 0.00013350287918001413 0.00021065675537101924
0.9994213581085205 0.0003112847625743598 0.0002673852723091841
0.9996168613433838 0.0002079814876196906 0.00017514798673801124
0.9976734519004822 0.001454002340324223 0.0008725732914172113
0.9948729872703552 0.002078369492664933 0.0030486034229397774
0.9859887361526489 0.011739513836801052 0.0022717416286468506
0.9993663430213928 0.0003703815455082804 0.00026323640486225486
0.5975486040115356 0.40018630027770996 0.0022650794126093388
0
0.9716507792472839 0.0033218851312994957 0.025027312338352203
0.9511753916740417 0.01476762443780899 0.03405693545937538
0.7383487224578857 0.2558235824108124 0.005827687215059996
0.998624324798584 0.0007358588045462966 0.0006398693076334894
0.999531626701355 0.00027845430304296315 0.00018997715960722417
0.9996672868728638 0.00017517083324491978 0.00015754879859741777
0.995169460773468 0.0024465739261358976 0.0023839485365897417
0.9366583228111267 0.060662642121315 0.002679059747606516
0.20680123567581177 0.7255539298057556 0.06764476001262665
0.9961463212966919 0.0025498545728623867 0.0013037985190749168
0.9770152568817139 0.003975147381424904 0.019009625539183617
0.9997995495796204 0.0001000437478069216 0.00010038226173492149
0.9994276165962219 0.00040706797153688967 0.00016527474508620799
0.9993083477020264 0.0003798584220930934 0.00031182271777652204
0.9943323135375977 0.0039779795333743095 0.0016897546593099833
0.9487844109535217 0.041766513139009476 0.009449114091694355
0.9988879561424255 0.0006265075062401593 0.0004854970029555261
0.9990782737731934 0.0003673761384561658 0.0005543914157897234
0.9996969699859619 0.00016543253150302917 0.0001376444852212444
0.9994113445281982 0.0003173173463437706 0.00027139391750097275
0.9431816935539246 0.05413312092423439 0.0026851939037442207
0.9993801116943359 0.0004327873175498098 0.00018707753042690456
0
0.9924259185791016 0.006235956680029631 0.0013381888857111335
0
0.928695559501648 0.0653405711054802 0.005963892210274935
0.9987301230430603 0.0004519555950537324 0.0008178615244105458
0.9951028823852539 0.004025177098810673 0.0008719537872821093
0.9956585168838501 0.0040002064779400826 0.00034133560257032514
0.9431816935539246 0.05413312092423439 0.0026851939037442207
0.9996899366378784 0.00015205118688754737 0.00015803042333573103
0.4922432005405426 0.04414278641343117 0.46361395716667175
0.9945030212402344 0.001791246933862567 0.003705802606418729
0.9905875325202942 0.007688735146075487 0.0017237378051504493
0.9592539668083191 0.016765357926487923 0.02398063614964485
0.9993020296096802 0.0003164226363878697 0.000381569960154593
0.9987772107124329 0.0007809621165506542 0.0004417793534230441
0.9945337772369385 0.004458015318959951 0.0010082420194521546
0.998648464679718 0.0007395786815322936 0.0006119930767454207
0.9994199275970459 0.0003641512885224074 0.00021598031162284315
0.9863502383232117 0.0070458268746733665 0.006603910122066736
0.9994706511497498 0.00028517426108010113 0.00024420738918706775
0.9659045934677124 0.0275511983782053 0.006544249597936869
0.9996362924575806 0.0002493611245881766 0.00011432622704887763
0.0008054607314988971 0.9934410452842712 0.005753505975008011
0.9988821148872375 0.0004854976141359657 0.0006323573761619627
0
0.9973368048667908 0.002154924441128969 0.0005082193529233336
0.9989728927612305 0.000603018153924495 0.00042413140181452036
0.9988960027694702 0.000697653682436794 0.000406372535508126
0.9983239769935608 0.001398051856085658 0.0002779436472337693
0.9993871450424194 0.00027859065448865294 0.0003342227137181908
0.12141716480255127 0.8713273406028748 0.007255536038428545
0.9889755249023438 0.008483335375785828 0.0025411518290638924
0.999110996723175 0.0006454409449361265 0.00024352567561436445
0.9993388056755066 0.00039091939106583595 0.00027029868215322495
0.9969660639762878 0.0015199269400909543 0.0015140633331611753
0.9994440674781799 0.00036250075208954513 0.00019337752019055188
0.9470624923706055 0.013496759347617626 0.039440788328647614
0.6697520017623901 0.27188926935195923 0.058358680456876755
0.9998385906219482 9.08602523850277e-05 7.052750879665837e-05
0.9993053674697876 0.0005398708744905889 0.00015479505236726254
0.9807645678520203 0.017412232235074043 0.0018231668509542942
0.9989763498306274 0.00047611063928343356 0.000547545263543725
0.9988264441490173 0.0006419928977265954 0.0005315110320225358
0.9943015575408936 0.0027232884895056486 0.0029751285910606384
0.9989683628082275 0.0006851712241768837 0.00034641471575014293
0.999742329120636 0.00016202274127863348 9.563927596900612e-05
0.9849464893341064 0.01383244153112173 0.0012211144203320146
0.9991849064826965 0.0004919686471112072 0.0003231331938877702
0.9966349005699158 0.0023514481727033854 0.0010136704659089446
0.9992963075637817 0.00023918776423670352 0.00046445298357866704
0.9996324777603149 0.0002422431716695428 0.00012531552056316286
0.9995761513710022 0.0002779872447717935 0.00014587375335395336
0.856019914150238 0.052887823432683945 0.09109222888946533
0.997645914554596 0.000667853164486587 0.001686201081611216
0.9992054104804993 0.0005950962658971548 0.00019954348681494594
0.9995543360710144 0.00022882621851749718 0.00021684631064999849
0
0.9996374845504761 0.0002215498680016026 0.0001409894903190434
0.9993500113487244 0.0003257030330132693 0.00032430916326120496
0.9990124702453613 0.0008529304759576917 0.0001346260542050004
0.9989714622497559 0.0008140869322232902 0.00021451963402796537
0.999092698097229 0.0004243473522365093 0.00048301948118023574
0.9989532232284546 0.0008257153094746172 0.00022108026314526796
0.9977619647979736 0.0012549911625683308 0.0009830412454903126
0.9990143775939941 0.00048779280041344464 0.0004977592616342008
0.9979313611984253 0.0006775812362320721 0.0013910713605582714
0.9994186162948608 0.0002537775144446641 0.00032757921144366264
0.9994133710861206 0.0002025620051426813 0.00038412032881751657
0.9927500486373901 0.0024047221522778273 0.004845184739679098
0.9907228350639343 0.0012328503653407097 0.008044305257499218
0.9747200012207031 0.013814643025398254 0.011465391144156456
0.8592100143432617 0.13945147395133972 0.0013385767815634608
0.9907664060592651 0.0027714266907423735 0.006462234538048506
0.9995336532592773 0.0002638955775182694 0.00020252185640856624
0.024325860664248466 0.9742335677146912 0.0014405482215806842
0.9990704655647278 0.0007001101039350033 0.00022941819042898715
0.9995192289352417 0.00034241171670146286 0.00013841460167896003
0.9970691800117493 0.0006883257301524282 0.002242487855255604
0.9997003078460693 0.00015011012146715075 0.00014956128143239766
0.9993127584457397 0.0004790081293322146 0.00020820672216359526
0.5865251421928406 0.03015795536339283 0.38331687450408936
0.8630394339561462 0.13186584413051605 0.005094742402434349
0.9855417609214783 0.006896688137203455 0.0075615206733345985
0.9989400506019592 0.0006940294988453388 0.000365917308954522
0.9987169504165649 0.0008632856188341975 0.00041976768989115953
0.9996490478515625 0.0002275989972986281 0.00012330978643149137
0.9995201826095581 0.00037477409932762384 0.00010509030107641593
0.9995415210723877 0.0003229539142921567 0.0001355555868940428
0.9962148070335388 0.0010968864662572742 0.00268831686116755
0.07895513623952866 0.9176045656204224 0.0034402997698634863
0.9538606405258179 0.04504203796386719 0.001097393105737865
0
0.997962236404419 0.0010625061113387346 0.0009752181940712035
0.50478196144104 0.46705928444862366 0.028158778324723244
0.9995346069335938 0.00024683994706720114 0.00021863175788894296
0.9995152950286865 0.00023775198496878147 0.0002469450992066413
0.9654029011726379 0.006105051841586828 0.028491975739598274
0.9995381832122803 0.0002498312678653747 0.000212011844269
0.9931358098983765 0.004525758791714907 0.0023384385276585817
0.9984620809555054 0.0008385426481254399 0.0006993946153670549
0.9988511800765991 0.0006069354130886495 0.0005419243243522942
0.999377429485321 0.000507772492710501 0.00011488464951980859
0.9995357990264893 0.00035611834027804434 0.00010810617823153734
0.9232609868049622 0.05394474416971207 0.022794295102357864
0.9994173049926758 0.0002457118534948677 0.00033698565675877035
0.9992000460624695 0.0002777024928946048 0.0005222161416895688
0.9976418018341064 0.0014364115195348859 0.0009218440391123295
0.997996985912323 0.0015545274363830686 0.00044850731501355767
0.9986016154289246 0.000608505797572434 0.00078987778397277
0.9998005032539368 9.686636622063816e-05 0.00010263210424454883
0.9982128143310547 0.0012806272134184837 0.0005065249279141426
0.9936384558677673 0.005327629391103983 0.0010338719002902508
0.9951764345169067 0.0014395418111234903 0.003384059527888894
0.9990382194519043 0.0007217801176011562 0.00024001130077522248
0.9952296018600464 0.0043901242315769196 0.00038026052061468363
0.9985698461532593 0.0005727993557229638 0.0008572895894758403
0.9982376098632812 0.0011182763846591115 0.0006441532750613987
0.9996024966239929 0.0001917744375532493 0.00020571824279613793
0.9985558390617371 0.0009817475220188498 0.00046243431279435754
0.9983616471290588 0.0011190992081537843 0.0005192035459913313
0.9986446499824524 0.0007298091077245772 0.0006255902117118239
0.9536531567573547 0.04575681313872337 0.0005899910465814173
0.9785599112510681 0.016369033604860306 0.005071054678410292
0.9988213181495667 0.0010187460575252771 0.00015992048429325223
0.9967306852340698 0.0017339157639071345 0.0015353761846199632
0.9996678829193115 0.0002251529658678919 0.00010696554818423465
0.18532177805900574 0.012831620872020721 0.8018466830253601
0.9971007704734802 0.002439379459246993 0.00045983659219928086
0.9927778840065002 0.0016257845563814044 0.00559631735086441
0.9989571571350098 0.0006232328014448285 0.000419536663684994
0.9989926218986511 0.0007146306452341378 0.00029277775320224464
0.6878711581230164 0.3070485293865204 0.0050802878104150295
0.9877669811248779 0.0033885554876178503 0.00884451624006033
0.9987272620201111 0.000960135948844254 0.0003125575021840632
0.9977816939353943 0.001950228470377624 0.0002681376354303211
0.99932861328125 0.00041475126636214554 0.00025670716422609985
0.9378299713134766 0.020527582615613937 0.04164241999387741
0.9986711740493774 0.0009144158684648573 0.00041446794057264924
0.9968861937522888 0.0020209443755447865 0.0010928784031420946
0.9994843006134033 0.0002722375502344221 0.00024349329760298133
0.9988721013069153 0.0006626331596635282 0.00046521221520379186
0.9977492690086365 0.0011422745883464813 0.001108500175178051
0.9971504807472229 0.0023547220043838024 0.0004948396817781031
0.9988369345664978 0.0006337203085422516 0.0005293494905345142
0.9995813965797424 0.00022239412646740675 0.0001962411479325965
0.9991241097450256 0.0004855990409851074 0.00039035335066728294
0.999151349067688 0.0005743037909269333 0.0002743946388363838
0.9993676543235779 0.00040902424370869994 0.00022333263768814504
0.9996060729026794 0.0002481681003700942 0.0001457999605918303
0.9996434450149536 0.00020618311828002334 0.0001503200619481504
0.9971824884414673 0.0013606826541945338 0.001456898869946599
0.9964390397071838 0.0023249650839716196 0.0012359936954453588
0.9988088607788086 0.0008532907231710851 0.0003378694236744195
0.9953417778015137 0.0033395143691450357 0.0013187248259782791
0.9639183282852173 0.0074489424005150795 0.028632715344429016
0.9996514320373535 0.00020919914823025465 0.00013939895143266767
0.9995869994163513 0.00022727862233296037 0.00018573943816591054
0.9842662811279297 0.012206418439745903 0.003527316264808178
0.9492554068565369 0.04820464923977852 0.00253993459045887
0.9973912239074707 0.0021528471261262894 0.00045591333764605224
0.9975702166557312 0.00214253063313663 0.0002871929609682411
0.999430239200592 0.00034627344575710595 0.00022348875063471496
0.9980863332748413 0.0005024803103879094 0.0014111781492829323
0.9996702671051025 0.00020430449512787163 0.00012538170267362148
0.9990880489349365 0.0006583763752132654 0.0002535794337745756
0.9988784193992615 0.0007675692322663963 0.000353990588337183
0.9974669218063354 0.0012708728900179267 0.0012622588546946645
0.9988340735435486 0.0007294749957509339 0.00043644962715916336
0.9980169534683228 0.0015814097132533789 0.0004016683669760823
0.9956434965133667 0.0032312991097569466 0.0011251720134168863
0.9980344176292419 0.0011604654137045145 0.0008051467011682689
0.9982908368110657 0.0013891367707401514 0.0003200217033736408
0.9992660880088806 0.00048077423707582057 0.00025308580370619893
0.9931765198707581 0.0017809203127399087 0.005042531993240118
0.9994608759880066 0.000299266743240878 0.0002398512588115409
0.9989936947822571 0.0005126561736688018 0.0004936270997859538
0
0.6341505646705627 0.3451131284236908 0.020736388862133026
0.9997100234031677 0.00016633009363431484 0.0001236252428498119
0.023836899548768997 0.02088511548936367 0.9552779197692871
0.9286511540412903 0.06765449047088623 0.003694399492815137
0
0.9966984391212463 0.0013188226148486137 0.0019827510695904493
0.9906030893325806 0.0022931904532015324 0.0071037085726857185
0.9971655011177063 0.0009944569319486618 0.0018400587141513824
0.9995118379592896 0.00029212451772764325 0.0001960266090463847
0.9892914891242981 0.00877087377011776 0.0019376081181690097
0.988926887512207 0.006393753923475742 0.004679403733462095
0.9826337695121765 0.008208674378693104 0.009157528169453144
0.9907407760620117 0.006957203149795532 0.00230207946151495
0.8847251534461975 0.09095016121864319 0.024324685335159302
0.9990770816802979 0.0007188878953456879 0.00020400909124873579
0.9988662004470825 0.0007869782857596874 0.0003468109352979809
0.9910227060317993 0.006452871952205896 0.002524454379454255
0.9891924262046814 0.010360381565988064 0.000447217928012833
0.9996322393417358 0.000237376953009516 0.00013036529708188027
0.11006148159503937 0.8862592577934265 0.003679281799122691
0.9795045256614685 0.0054623899050056934 0.015033126808702946
0.9376627802848816 0.03543754667043686 0.026899706572294235
0.9970300197601318 0.002377183409407735 0.0005927163292653859
0.9932540059089661 0.004191011656075716 0.002555013634264469
0.9972770810127258 0.0014094237703830004 0.0013134931214153767
0.9921080470085144 0.007257784251123667 0.0006341136177070439
0.9995399713516235 0.000338973302859813 0.0001210841946885921
0.9971588850021362 0.0021106258500367403 0.0007304984028451145
0.9990308284759521 0.000461238349089399 0.0005079141701571643
0.9989013671875 0.0009544749627821147 0.00014417590864468366
0.972881019115448 0.025885900482535362 0.001233162241987884
0.7573670744895935 0.04151852801442146 0.20111443102359772
0.18317966163158417 0.005016472656279802 0.8118038773536682
0.999204695224762 0.0005144619499333203 0.0002808310091495514
0.9991146922111511 0.000623497529886663 0.0002618060971144587
0.9980356097221375 0.0008242671610787511 0.0011400885414332151
0.9987553358078003 0.0008567883051000535 0.00038791628321632743
0.03510023280978203 0.012685778550803661 0.9522140622138977
0.11469916999340057 0.8236834406852722 0.06161739304661751
0.9928788542747498 0.00307064107619226 0.0040504722855985165
0.21627292037010193 0.7704582810401917 0.013268773443996906
0.9986854195594788 0.0009363939170725644 0.0003782397252507508
0.933293879032135 0.025185460224747658 0.04152067005634308
0.9981840252876282 0.0011325639206916094 0.0006833495572209358
0.9993786811828613 0.00044753303518518806 0.00017371623835060745
0.9992571473121643 0.00039985208422876894 0.0003430415818002075
0.9975009560585022 0.002158304676413536 0.0003407913027331233
0.9560539722442627 0.03874101862311363 0.005204959772527218
0.0358038954436779 0.9578855633735657 0.006310584489256144
0.9988238215446472 0.0008158382843248546 0.00036026761517859995
0.9877043962478638 0.010962462052702904 0.0013331389054656029
0.9794837236404419 0.01860298030078411 0.00191336905118078
0.9995307922363281 0.000300896615954116 0.00016831255925353616
0.9991613626480103 0.00046440947335213423 0.00037426388007588685
0.9974520802497864 0.001054532011039555 0.0014933261554688215
0.9911600947380066 0.007430517580360174 0.0014093713834881783
0.88838130235672 0.03785093128681183 0.07376773655414581
0.9981258511543274 0.0015495666302740574 0.0003246095438953489
0.9989894032478333 0.0007490826537832618 0.0002615514094941318
0.9988740086555481 0.0007718920242041349 0.0003540396864991635
0.9986888766288757 0.0012075576232746243 0.00010358291183365509
0.9502294063568115 0.04300498589873314 0.0067656561732292175
0.9936880469322205 0.0046122814528644085 0.001699734479188919
0.9907693266868591 0.004589971154928207 0.0046407426707446575
0.9995532631874084 0.0003326462465338409 0.00011410585284465924
0.6049259305000305 0.37886717915534973 0.016206946223974228
0.9380309581756592 0.02685629576444626 0.03511273115873337
0.9992228746414185 0.000624707608949393 0.00015237301704473794
0.9990246295928955 0.0006505295168608427 0.0003248373977839947
0.9754671454429626 0.010434101335704327 0.014098704792559147
0.9987428784370422 0.0006578624015673995 0.0005992633523419499
0.6731493473052979 0.014422835782170296 0.3124277889728546
0.9992685914039612 0.0004341456515248865 0.00029729801462963223
0.9997138381004333 0.0001563733967486769 0.00012977058941032737
0.9990849494934082 0.0003900097217410803 0.0005249783862382174
0.9973697662353516 0.0005646855570375919 0.002065560780465603
0.9997245669364929 0.00018008722690865397 9.529671660857275e-05
0.999081015586853 0.00046269255108200014 0.00045626479550264776
0.9993336796760559 0.0004791367391590029 0.00018721376545727253
0.995474636554718 0.0015129854436963797 0.003012419445440173
0
0.998024582862854 0.001185174915008247 0.0007902421057224274
0.9995672106742859 0.0002423428522888571 0.00019049264665227383
0.17598819732666016 0.8190993070602417 0.004912498872727156
0.9977478384971619 0.0010424554347991943 0.0012097054859623313
0.9902132153511047 0.008435378782451153 0.0013514133170247078
0.999144434928894 0.0004972208407707512 0.00035833354922942817
0.934689462184906 0.0631227120757103 0.002187831560149789
0.9991393089294434 0.0004952975432388484 0.00036534169339574873
0.9979464411735535 0.001023485790938139 0.001030030194669962
0.9990154504776001 0.0006800875416956842 0.0003043893084395677
0.9689369797706604 0.0055131809785962105 0.02554985135793686
0.9890669584274292 0.004734379705041647 0.006198741029947996
0.9951327443122864 0.004443875513970852 0.000423323770519346
0.9815479516983032 0.0162209365516901 0.0022310989443212748
0.9931362867355347 0.005911898333579302 0.0009518358274362981
0.9997884631156921 9.518181468592957e-05 0.00011634814291028306
0.9988101720809937 0.000791673781350255 0.00039814141928218305
0.998809814453125 0.0008818445494398475 0.0003083988558501005
0.9986679553985596 0.0008204901241697371 0.0005115564563311636
0.9470857977867126 0.010096907615661621 0.042817264795303345
0.9994032382965088 0.00038953631883487105 0.00020717714505735785
0.9984057545661926 0.0012140617473050952 0.00038024477544240654
0.999311089515686 0.00036991346860304475 0.0003189586859662086
0.3848746120929718 0.02418096736073494 0.5909444689750671
0.9945043921470642 0.0032743457704782486 0.0022212262265384197
0.9878224730491638 0.005374678876250982 0.00680293096229434
0.0790477767586708 0.036816004663705826 0.8841361999511719
0.6891674995422363 0.0577249601483345 0.25310754776000977
0.9989175796508789 0.0007970386068336666 0.00028537007165141404
0.9958362579345703 0.002385605126619339 0.0017781188944354653
0.9992504715919495 0.0005062124691903591 0.0002432404871797189
0.9990874528884888 0.00048242288175970316 0.00043008956708945334
0.9995967745780945 0.0002696518204174936 0.00013358106662053615
0.4873531758785248 0.4975700378417969 0.015076778829097748
0.9892470240592957 0.008865924552083015 0.001887054182589054
0.9954772591590881 0.0020142809953540564 0.0025084165390580893
0.9989498257637024 0.0006299536325968802 0.00042021487024612725
0.9915862083435059 0.002862004330381751 0.005551800597459078
0.9954701662063599 0.002426634542644024 0.0021032236982136965
0.9950932264328003 0.0015128182712942362 0.0033939455170184374
0.9959348440170288 0.0037827531341463327 0.00028241745894774795
0.9991244673728943 0.0005377693451009691 0.00033777934731915593
0.9994741082191467 0.0003045267076231539 0.0002213884290540591
0.9911173582077026 0.003596973605453968 0.005285665858536959
0.9983439445495605 0.0009190883720293641 0.0007369793602265418
0.9599547982215881 0.011857425794005394 0.028187783434987068
0.9792121648788452 0.014419596642255783 0.00636827340349555
0.9961372017860413 0.0013153098989278078 0.0025474955327808857
0.9968605041503906 0.001685049501247704 0.0014544950099661946
0.9950531125068665 0.0023700036108493805 0.002576956059783697
0.9945374131202698 0.003965933341532946 0.0014966408489271998
0.9939301013946533 0.0035235914401710033 0.002546299248933792
0.9994142055511475 0.00026576826348900795 0.00032001783256419003
0.9991788268089294 0.0005013682530261576 0.00031975883757695556
0.9868687987327576 0.010043090209364891 0.0030880586709827185
0.9992356300354004 0.000561234715860337 0.00020314498397056013
0.9967135190963745 0.0021518878638744354 0.0011345450766384602
0.9396587610244751 0.023344270884990692 0.036996990442276
0.9895676970481873 0.007429119199514389 0.0030031842179596424
0.9932006001472473 0.005228413734585047 0.0015710294246673584
0.9991679191589355 0.0006664253887720406 0.00016566792328376323
0.9989286065101624 0.000811903562862426 0.0002594910911284387
0.9994571805000305 0.0003419980639591813 0.00020077129011042416
0.9911801218986511 0.003295636735856533 0.005524246953427792
0.9990513920783997 0.000627722532954067 0.00032082770485430956
0.999639630317688 0.00022621863172389567 0.00013409851817414165
0.9944719076156616 0.0010272871004417539 0.004500889219343662
0.9932738542556763 0.004429871216416359 0.002296259393915534
0.9974773526191711 0.0020529762841761112 0.0004696861142292619
0.9992527365684509 0.00046687465510331094 0.0002803751267492771
0.9994284510612488 0.0004122488899156451 0.00015930068911984563
0.9980548620223999 0.0014704400673508644 0.000474728352855891
0.9949122071266174 0.001791283255442977 0.0032965224236249924
0.9976388216018677 0.0020657957065850496 0.00029545105644501746
0.992198646068573 0.002625929657369852 0.005175362806767225
0.9981510043144226 0.0015235908795148134 0.0003253485483583063
0.9389674067497253 0.01593201234936714 0.04510055109858513
0.9979473948478699 0.0015798707026988268 0.00047278610873036087
0.9992713332176208 0.0004555142659228295 0.0002731945423875004
0.9932966828346252 0.005793154239654541 0.0009101342875510454
0.9994230270385742 0.0004097891505807638 0.00016724003944545984
0.9876014590263367 0.008346164599061012 0.004052335396409035
0.9937463998794556 0.004358349833637476 0.001895207678899169
0.9984790682792664 0.0008756320457905531 0.0006453102105297148
0.9997498393058777 0.0001180572944576852 0.0001320888550253585
0.9987413287162781 0.0005846217973157763 0.0006740773096680641
0.9992862343788147 0.0004776084970217198 0.00023619613784831017
0.9887451529502869 0.00591656006872654 0.005338223185390234
0.9965192079544067 0.0026477009523659945 0.0008330426062457263
0.9989809393882751 0.0005731390556320548 0.0004458639887161553
0.6269440650939941 0.36874035000801086 0.004315556492656469
0.9979894161224365 0.0010980537626892328 0.000912493618670851
0.9903022646903992 0.003214991418644786 0.006482722703367472
0.9995453953742981 0.00031829619547352195 0.00013628226588480175
0.9990767240524292 0.0005662065814249218 0.00035707373172044754
0.9989965558052063 0.0007763459580019116 0.00022712681675329804
0.9769609570503235 0.019433004781603813 0.0036059811245650053
0.9992000460624695 0.00047496179467998445 0.00032497686333954334
0.9983456134796143 0.001291824970394373 0.0003625029348768294
0.9987272620201111 0.0006058505387045443 0.0006668275455012918
0.998915433883667 0.0005008102743886411 0.0005837147473357618
0.994766354560852 0.004534760490059853 0.0006989146349951625
0.9994671940803528 0.00035548044252209365 0.0001773960393620655
0.9992477893829346 0.0005682911723852158 0.00018398882821202278
0.9990135431289673 0.0006433635717257857 0.00034307371242903173
0.9986977577209473 0.0006723152473568916 0.0006298944936133921
0.997063934803009 0.0013293910305947065 0.0016066570533439517
0.9857800602912903 0.012721399776637554 0.0014985296875238419
0.9942394495010376 0.005063973367214203 0.000696560658980161
0.9986565113067627 0.0009924485348165035 0.000351041933754459
0.995997428894043 0.002041551051661372 0.00196098443120718
0.9973481893539429 0.0015435618115589023 0.0011082306737080216
0.9629955291748047 0.018583012744784355 0.01842140592634678
0.9912364482879639 0.007566675543785095 0.0011968690669164062
0.9187951683998108 0.01867261342704296 0.06253227591514587
0.9983313679695129 0.0007204328430816531 0.0009481785818934441
0.9985038042068481 0.0009956381982192397 0.0005006337887607515
0.9988879561424255 0.0006562894559465349 0.0004557956417556852
0.9992364645004272 0.000484746735310182 0.0002788452839013189
0.9406000375747681 0.054872579872608185 0.004527312703430653
0.9982336759567261 0.0005857713986188173 0.0011805230751633644
0.9991371035575867 0.0006414296221919358 0.00022153339523356408
0.9984244108200073 0.0012115786084905267 0.0003640151990111917
0.9949518442153931 0.004195285961031914 0.0008528769249096513
0.9995002746582031 0.00027587241493165493 0.00022379981237463653
0.9267089366912842 0.06733915209770203 0.005951935425400734
0.9986169338226318 0.0008711042464710772 0.0005119360866956413
0.9993378520011902 0.00044758449075743556 0.00021450541680678725
0.9970656037330627 0.001639262423850596 0.001295096124522388
0.9979161620140076 0.0010603555710986257 0.0010235299123451114
0.9926154613494873 0.004817804787307978 0.0025667198933660984
0.9985685348510742 0.0011447733268141747 0.00028668419690802693
0.9983148574829102 0.0010956476908177137 0.0005894640344195068
0.998185932636261 0.001355290412902832 0.0004587531730066985
0.9993367791175842 0.00032337525044567883 0.00033978043938986957
0.9960039258003235 0.0024291458539664745 0.0015668823616579175
0.9909806847572327 0.005883484147489071 0.0031358026899397373
0.9947015643119812 0.0039980425499379635 0.0013003961648792028
0.9777977466583252 0.019179262220859528 0.0030229492112994194
0.9973262548446655 0.001645275973714888 0.0010284862946718931
0.9992864727973938 0.000474260508781299 0.00023931408941280097
0.9991205334663391 0.00045551761286333203 0.00042398457298986614
0.998576283454895 0.0007428425014950335 0.0006808506441302598
0.9962435960769653 0.0017001809319481254 0.0020562883000820875
0.9983991980552673 0.0010110136354342103 0.0005898118251934648
0.4940698444843292 0.5035775899887085 0.002352478913962841
0.999480664730072 0.0001754340046318248 0.0003438751446083188
0.9992610812187195 0.000591958116274327 0.0001469479757361114
0.9995506405830383 0.0003205184475518763 0.00012887136836070567
0.9987899661064148 0.0009650373831391335 0.000244967988692224
0.9906918406486511 0.008351548574864864 0.0009565631626173854
0.999775230884552 0.00013667208258993924 8.810060535324737e-05
0.9994091987609863 0.0004264537419658154 0.00016439751198049635
0.9990361928939819 0.00039886130252853036 0.0005649554077535868
0.9955283999443054 0.0018063007155433297 0.0026653194800019264
0.999173104763031 0.0006450121873058379 0.00018184435612056404
0.9995576739311218 0.0002111352514475584 0.00023115301155485213
0.9992027878761292 0.0004810859099961817 0.00031618066714145243
0.9989874958992004 0.0005164036410860717 0.0004961282247677445
0.10676702857017517 0.8760874271392822 0.01714552566409111
0.9995195865631104 0.000294305122224614 0.00018610402185004205
0.01260039210319519 0.9851006865501404 0.002299036830663681
0.975164532661438 0.015738889575004578 0.009096595458686352
0.9973220229148865 0.0010069077834486961 0.0016710483469069004
0.9981822967529297 0.0010638420935720205 0.0007539152866229415
0.9931890964508057 0.006037465296685696 0.0007734904647804797
0.981084406375885 0.014274325221776962 0.00464131124317646
0.9936543703079224 0.00507202185690403 0.0012736533535644412
0.9983541965484619 0.001029477221891284 0.0006164107471704483
0.9778294563293457 0.0054240040481090546 0.016746509820222855
0.9993853569030762 0.0004497787158470601 0.0001648106990614906
0.9913787841796875 0.007367424201220274 0.0012538369046524167
0.9993040561676025 0.0005280482582747936 0.00016788598441053182
0.9997443556785583 0.00015725905541330576 9.840568964136764e-05
0.9991063475608826 0.0005909578176215291 0.0003026581252925098
0.9980511665344238 0.0016614857595413923 0.00028738402761518955
0.9978784322738647 0.0010275954846292734 0.0010940090287476778
0.9968104958534241 0.0021173444110900164 0.0010721787111833692
0.9981923699378967 0.0015009561320766807 0.0003066700592171401
0.9990800619125366 0.00042646154179237783 0.0004935196484439075
0.9963127970695496 0.0027672278229147196 0.0009199573541991413
0.9984995126724243 0.0011281940387561917 0.0003723485569935292
0.9401851296424866 0.05468917265534401 0.0051256585866212845
0.9984367489814758 0.0008745643426664174 0.0006886256742291152
0.9986176490783691 0.0009337082738056779 0.00044859794434159994
0.9964151382446289 0.0030852975323796272 0.0004995253984816372
0.998685896396637 0.0007597481599077582 0.0005543063161894679
0.9990561604499817 0.0005675239954143763 0.00037634861655533314
0.9980762004852295 0.0014616081025451422 0.00046213020686991513
0.9979656934738159 0.001436272170394659 0.0005980910500511527
0.9978790283203125 0.0006807029712945223 0.0014402861706912518
0.997289776802063 0.0013871920527890325 0.001322997733950615
0.9911465048789978 0.005207606125622988 0.0036458794493228197
0.9973303079605103 0.0014946996234357357 0.0011750218691304326
0.9990977048873901 0.0005991955986246467 0.0003031023370567709
0.999729573726654 0.00017416429182048887 9.620531636755913e-05
0.9973227381706238 0.001667901873588562 0.0010093780001625419
0.9991908669471741 0.000565779977478087 0.00024336890783160925
0.9992770552635193 0.0005214832490310073 0.00020145926100667566
0.9972966313362122 0.0021545724011957645 0.0005488291499204934
0.9835736155509949 0.013196338899433613 0.0032301212195307016
0.995854914188385 0.003623499535024166 0.000521538604516536
0.9976009726524353 0.0013283875305205584 0.0010706691537052393
0.9970853924751282 0.0024985657073557377 0.00041609714389778674
0.9981344938278198 0.0015224587405100465 0.00034303005668334663
0.9951087832450867 0.004232896026223898 0.0006583047215826809
0.9985851049423218 0.0011009379522874951 0.00031395169207826257
0.821811318397522 0.17510627210140228 0.003082417184486985
0.9996727705001831 0.0001699385029496625 0.00015726186393294483
0.9993053674697876 0.00037946118391118944 0.0003151723649352789
0.998391330242157 0.0012429666239768267 0.00036568354698829353
0.9924198985099792 0.006738772615790367 0.0008413566392846406
0.998785674571991 0.0006345913279801607 0.0005797542980872095
0.9993218183517456 0.00047042156802490354 0.00020774565928149968
0.9984281063079834 0.0010463944636285305 0.0005254733841866255
0.9977717995643616 0.0007750784861855209 0.0014530603075399995
0.976993978023529 0.009058770723640919 0.013947258703410625
0.9990569949150085 0.0005456596263684332 0.00039729848504066467
0.9993636012077332 0.00031336871325038373 0.00032305720378644764
0.9995355606079102 0.00021951696544419974 0.00024495754041709006
0.9979307651519775 0.001444013323634863 0.0006251722807064652
0.9989240765571594 0.0007926703547127545 0.0002832224708981812
0.9929302334785461 0.0022273322101682425 0.004842481110244989
0.9986090064048767 0.0009006820037029684 0.0004903533263131976
0.999037504196167 0.0007507077534683049 0.00021183837088756263
0.9992910623550415 0.0004898006445728242 0.0002190922969020903
0.17210181057453156 0.3663399815559387 0.46155819296836853
0.9968289732933044 0.001795574207790196 0.0013754834653809667
0.9884069561958313 0.005826270207762718 0.005766718182712793
0.9995433688163757 0.0002429711603326723 0.00021358412050176412
0.9989226460456848 0.0006863847374916077 0.00039096176624298096
0.9985942244529724 0.0006078256410546601 0.0007979939109645784
0.9989320635795593 0.0005025089485570788 0.0005654155975207686
0.9980064034461975 0.0013766984920948744 0.0006169604603201151
0.9988792538642883 0.0007479058112949133 0.00037281043478287756
0.9863828420639038 0.00613736268132925 0.007479822728782892
0.9996383190155029 0.00024180716718547046 0.00011984750017290935
0.9993177652359009 0.000411858840379864 0.0002703752543311566
0.9993771910667419 0.0003236907359678298 0.00029916403582319617
0.9996447563171387 0.0002214080886915326 0.0001338657457381487
0.9996324777603149 0.00018355745123699307 0.0001839282049331814
0.9995436072349548 0.00026025596889667213 0.00019614151096902788
0.9965410828590393 0.002495403168722987 0.0009634487214498222
0.9945312142372131 0.0021642004139721394 0.003304556244984269
0.9978635907173157 0.0008773518493399024 0.0012590999249368906
0.980804979801178 0.016844062134623528 0.0023509389720857143
0.9978051781654358 0.0011469757882878184 0.0010478445328772068
0.986140251159668 0.010193224996328354 0.003666482400149107
0.9853510856628418 0.012267266400158405 0.002381686121225357
0.9990226030349731 0.0004699272394645959 0.0005074359942227602
0.9991942048072815 0.0006099682068452239 0.00019586904090829194
0.9980693459510803 0.001361208618618548 0.000569516618270427
0.9965659976005554 0.0021977873984724283 0.0012362413108348846
0.9996287822723389 0.00023866569972597063 0.00013257586397230625
0.9994980096817017 0.00034325680462643504 0.00015874486416578293
0.821811318397522 0.17510627210140228 0.003082417184486985
0.1101994588971138 0.8315537571907043 0.058246731758117676
0.9825993776321411 0.013394392095506191 0.004006191622465849
0.9962937235832214 0.0016501949867233634 0.0020561220590025187
0.9941018223762512 0.004552994854748249 0.0013452088460326195
0.975191056728363 0.013838387094438076 0.010970516130328178
0.9761446118354797 0.009533558040857315 0.014321804977953434
0.9974216222763062 0.0013117785565555096 0.0012665828689932823
0.9986410737037659 0.0007212324999272823 0.0006377489771693945
0.9990563988685608 0.0006166290841065347 0.00032696151174604893
0.9996449947357178 0.0002215208951383829 0.0001335072738584131
0.9997171759605408 0.00018437796097714454 9.84317302936688e-05
0.9901195764541626 0.008856476284563541 0.001023938413709402
0.9994932413101196 0.0002822577371262014 0.00022449852258432657
0.9591752290725708 0.0381024107336998 0.00272235251031816
0.9975987076759338 0.0018711031880229712 0.0005301342462189496
0.992041289806366 0.006059191655367613 0.001899467664770782
0.9993603825569153 0.0003759888932108879 0.0002635973214637488
0
0.9995771050453186 0.00026747467927634716 0.0001554104092065245
0.9984598159790039 0.0009110646205954254 0.0006291275494731963
0.9782832860946655 0.019729753956198692 0.0019869531970471144
0.9973082542419434 0.001596295041963458 0.001095471321605146
0.9915955662727356 0.004591210279613733 0.003813257208094001
0.9993259906768799 0.0003370293998159468 0.0003369604528415948
0.9990301132202148 0.0006487298524007201 0.0003211107396055013
0.9984973669052124 0.000496003485750407 0.0010065925307571888
0.9994702935218811 0.00030095127294771373 0.00022878230083733797
0.0240851528942585 0.9682117700576782 0.007703115232288837
0.9705307483673096 0.020330648869276047 0.009138528257608414
0.9995145797729492 0.000257347448496148 0.00022807202185504138
0.004629305098205805 0.9717929363250732 0.02357766218483448
0.9994895458221436 0.0003155185841023922 0.00019488540419843048
0.9985352754592896 0.0008115424425341189 0.0006531940307468176
0.9804072976112366 0.005839761812239885 0.013752906583249569
0.992612361907959 0.0022540725767612457 0.005133492406457663
0.9997089505195618 0.00015477622218895704 0.00013630247849505395
0.9977103471755981 0.0015879101119935513 0.0007017843308858573
0.3537226915359497 0.3903842270374298 0.25589314103126526
0.9988206028938293 0.0006149597465991974 0.0005644092452712357
0.0550328828394413 0.9365585446357727 0.00840850081294775
0.9990618824958801 0.00043344381265342236 0.0005047265440225601
0.9978715181350708 0.001378837856464088 0.0007496611797250807
0
0.9992792010307312 0.00042820602538995445 0.00029260237351991236
0.005244988016784191 0.010036340914666653 0.9847187399864197
0.9995664954185486 0.0002617392165120691 0.00017177672998514026
0.9987745881080627 0.0006619637133553624 0.0005634549888782203
0.9958838820457458 0.0021097534336149693 0.0020063624251633883
0.9837796092033386 0.003632837440818548 0.012587514705955982
0.9964290261268616 0.0031133564189076424 0.0004576745559461415
0.9917629957199097 0.004643607418984175 0.00359346903860569
0.9929550290107727 0.001581201795488596 0.005463802721351385
0.9995406866073608 0.0003553794522304088 0.0001039479611790739
0.9992677569389343 0.00031916421721689403 0.0004131238965783268
0.9971936345100403 0.0017496108775958419 0.0010567933786660433
0.9978368878364563 0.0016451665433123708 0.000517930428031832
0.7968899011611938 0.19902531802654266 0.004084794316440821
0.999038815498352 0.0006590361590497196 0.0003021344600711018
0.9834490418434143 0.014232712797820568 0.0023182241711765528
0.9949213862419128 0.002311145653948188 0.002767487894743681
0.9977554678916931 0.0015711475862190127 0.0006733599584549665
0
0.7362433075904846 0.2615745961666107 0.0021820897236466408
0.9471865296363831 0.014231435023248196 0.038581982254981995
0.9965029954910278 0.0014521830016747117 0.0020447836723178625
0.9996522665023804 0.00020773451251443475 0.0001400139444740489
0.9995655417442322 0.0002561492729000747 0.00017835806647781283
0.993171215057373 0.001979415537789464 0.004849337041378021
0.997647225856781 0.0009455153485760093 0.0014072379563003778
0.9980535507202148 0.0016185129061341286 0.00032797022140584886
0.9984270334243774 0.0012059257132932544 0.0003670190053526312
0.4756855368614197 0.47522467374801636 0.04908986762166023
0.9995666146278381 0.00030689232517033815 0.00012652223813347518
0.9994364380836487 0.00032753197592683136 0.00023603213776368648
0.9957681894302368 0.0015449668280780315 0.0026868220884352922
0.9790741205215454 0.006958576384931803 0.013967320322990417
0.9957951307296753 0.0025468647945672274 0.0016580335795879364
0.25537800788879395 0.7114745378494263 0.03314751386642456
0.9986615180969238 0.0005717565072700381 0.000766676152125001
0.9987657070159912 0.0007669912884011865 0.0004673541698139161
0.8695003390312195 0.12432286143302917 0.006176815368235111
0.9980181455612183 0.000995277427136898 0.0009865624597296119
0.1641187071800232 0.617993175983429 0.21788814663887024
0.9125600457191467 0.08452288806438446 0.0029170617926865816
0.0917767807841301 0.896040678024292 0.012182659469544888
0.9993270635604858 0.0004405693616718054 0.00023238215362653136
0.9996446371078491 0.00020913769549224526 0.0001462671352783218
0.9931861162185669 0.006053481251001358 0.0007603315752930939
0.09854598343372345 0.8872928619384766 0.014161148108541965
0.9990838766098022 0.0006348785827867687 0.0002812824386637658
0.9992616772651672 0.00047309143701568246 0.0002652585390023887
0.9992603659629822 0.000505391857586801 0.00023419270291924477
0.9831372499465942 0.005363412667065859 0.011499283835291862
0.9759954810142517 0.021847151219844818 0.0021573305130004883
0.8876349329948425 0.11134205758571625 0.0010229811305180192
0.0016164544504135847 0.975117027759552 0.023266512900590897
0.028469081968069077 0.9680162072181702 0.003514587413519621
0.9461263418197632 0.008837372064590454 0.04503624141216278
0.9793729186058044 0.01539458055049181 0.005232470575720072
0.9963725805282593 0.0030516209080815315 0.000575786572881043
0.1758778691291809 0.8126582503318787 0.011463908478617668
0.9990100860595703 0.0007472566212527454 0.00024267943808808923
0.9996459484100342 0.0002085142332362011 0.00014548617764376104
0.9985767602920532 0.0007858257158659399 0.000637426448520273
0.9995089769363403 0.00025931643904186785 0.00023174253874458373
0.9992510676383972 0.0004037163744214922 0.0003451901429798454
0.9992867112159729 0.0004197639354970306 0.00029351512785069644
0.9991573095321655 0.00038379087345674634 0.00045890998444519937
0.9970280528068542 0.0015642779180780053 0.0014077218947932124
0.019822563976049423 0.9751031994819641 0.005074269138276577
0.9962729215621948 0.0030320025980472565 0.0006950996466912329
0.9990860223770142 0.0006299043889157474 0.00028409677906893194
0.9982300400733948 0.0012464601313695312 0.000523514929227531
0.9981099367141724 0.0008663763874210417 0.0010237281676381826
0.9952312111854553 0.002425768645480275 0.002342973602935672
0.9989197254180908 0.0007384670316241682 0.000341817329172045
0.9993330836296082 0.0003266073181293905 0.0003402813454158604
0.999061644077301 0.0006450669025070965 0.0002932861971203238
0.9956275224685669 0.0016445480287075043 0.002727929502725601
0.999305009841919 0.00037221392267383635 0.00032279558945447206
0.9951083064079285 0.002597341313958168 0.0022943501826375723
0.9958052635192871 0.0023986229207366705 0.0017961172852665186
