-0.5 0.0 0.0
-2.625 0.0 0.0
0.0 0.0 1.375
-0.5 0.0 0.0
0.0 0.0 3.0
-1.625 0.0 0.0
-0.375 0.0 0.0
0.0 0.0 1.5
0.0 0.0 4.0
0.0 0.0 114.88999999999999
0.0 0.0 0.0
-0.125 0.0 0.0
0.0 0.0 2.75
-2.125 0.0 0.0
-0.625 0.0 0.0
-4.625 0.0 0.0
-1.0 0.0 0.0
0.0 0.0 0.125
0.0 0.0 2.75
-1.75 0.0 0.0
0.0 0.0 1.625
0.0 0.0 5.625
-0.875 0.0 0.0
-0.125 0.0 0.0
0.0 0 0.0
-0.625 0.0 0.0
0.0 0.0 0.0
-0.25 0.0 0.0
0.0 0 0.0
0.0 0.0 4.75
-1.125 0.0 0.0
0.0 0.0 0.0
0.0 0.0 1.625
-0.5 0.0 0.0
0.0 0.0 4.375
-0.375 0.0 0.0
0.0 0.0 2.375
0.0 0.0 0.75
-3.25 0.0 0.0
-0.75 0.0 0.0
0.0 0.0 1.25
0.0 0 0.0
0.0 0.0 8.75
0.0 0.0 0.875
-2.0 0.0 0.0
0.0 0.0 3.125
0.0 0.0 4.375
0.0 0.0 4.5
-0.875 0.0 0.0
-5.961 0.0 0.0
0.0 0.0 0.0
0.0 0.0 0.5
-1.125 0.0 0.0
0.0 0.0 5.625
-2.0 0.0 0.0
-2.125 0.0 0.0
0.0 0.0 1.5
-1.375 0.0 0.0
0.0 0.0 1.0
-0.25 0.0 0.0
-3.75 0.0 0.0
0.0 0.0 4.75
-0.875 0.0 0.0
-1.875 0.0 0.0
0.0 0 0.0
-1.375 0.0 0.0
0.0 0 0.0
-0.625 0.0 0.0
-0.875 0.0 0.0
0.0 0.0 2.625
0.0 0.0 1.875
-0.875 0.0 0.0
0.0 0.0 0.875
0.0 0.0 4.625
0.0 0.0 6.875
0.0 0.0 2.125
0.0 0.0 3.0
0.0 0.0 3.125
0.0 0.0 2.0
-2.25 0.0 0.0
-0.5 0.0 0.0
0.0 0.0 0.75
0.0 0.0 5.125
0.0 0.0 2.375
-1.25 0.0 0.0
-0.875 0.0 0.0
0.0 0.0 0.0
0.0 0.0 2.375
0.0 0 0.0
-0.625 0.0 0.0
0.0 0.0 16.5
0.0 0.0 1.25
-1.375 0.0 0.0
0.0 0.0 0.75
-0.625 0.0 0.0
-4.0 0.0 0.0
-1.125 0.0 0.0
0.0 0.0 1.75
-1.75 0.0 0.0
0.0 0.0 0.875
0.0 0.0 0.25
0.0 0.0 3.0
0.0 0.0 0.125
0.0 0.0 1.125
0.0 0.0 0.875
-1.75 0.0 0.0
-2.625 0.0 0.0
0.0 0.0 4.625
0.0 0.0 0.5
0.0 0.0 0.6379999999999999
-0.5 0.0 0.0
-2.75 0.0 0.0
0.0 0.0 1.25
0.0 0.0 4.5
0.0 0.0 0.375
0.0 0.0 0.75
-1.0 0.0 0.0
0.0 0.0 0.25
0.0 0.0 0.875
-1.25 0.0 0.0
0.0 0 0.0
0.0 0.0 0.75
0.0 0.0 14.875
0.0 0.0 3.25
0.0 0.0 1.875
-0.125 0.0 0.0
0.0 0.0 0.625
0.0 0.0 0.625
0.0 0.0 0.125
-0.375 0.0 0.0
-1.125 0.0 0.0
0.0 0.0 0.75
0.0 0.0 1.75
-0.625 0.0 0.0
0.0 0.0 0.125
0.0 0.0 1.0
-1.25 0.0 0.0
0.0 0.0 3.0
-4.25 0.0 0.0
-2.75 0.0 0.0
-61.668 0.0 0.0
-0.875 0.0 0.0
0.0 0.0 11.875
-2.875 0.0 0.0
0.0 0.0 5.25
0.0 0.0 1.25
-1.125 0.0 0.0
0.0 0.0 0.625
-4.5 0.0 0.0
-3.0 0.0 0.0
-0.25 0.0 0.0
-2.862 0.0 0.0
0.0 0.0 3.125
0.0 0.0 5.125
-1.875 0.0 0.0
0.0 0 0.0
0.0 0.0 0.375
0.0 0.0 0.0
0.0 0.0 0.0
0.0 0.0 5.388
0.0 0.0 20.125
-1.25 0.0 0.0
0.0 0.0 6.875
-1.375 0.0 0.0
0.0 0.0 0.75
-1.5 0.0 0.0
0.0 0.0 1.0
-3.0 0.0 0.0
0.0 0.0 4.625
0.0 0.0 0.875
-13.0 0.0 0.0
-0.75 0.0 0.0
0.0 0.0 0.25
0.0 0.0 1.75
-5.875 0.0 0.0
0.0 0.0 1.875
0.0 0.0 2.875
0.0 0.0 0.125
-1.625 0.0 0.0
-1.875 0.0 0.0
-3.75 0.0 0.0
0.0 0.0 3.0
-1.125 0.0 0.0
-0.125 0.0 0.0
0.0 0.0 2.5
-0.375 0.0 0.0
0.0 0.0 1.875
-3.375 0.0 0.0
0.0 0.0 2.75
0.0 0.0 0.375
0.0 0.0 3.0
0.0 0.0 0.875
0.0 0.0 1.25
-2.0 0.0 0.0
-6.0 0.0 0.0
0.0 0.0 9.0
-5.25 0.0 0.0
-1.125 0.0 0.0
-0.125 0.0 0.0
-0.125 0.0 0.0
0.0 0.0 0.125
-6.0 0.0 0.0
0.0 0.0 0.375
-0.25 0.0 0.0
0.0 0.0 0.5
-3.125 0.0 0.0
-0.25 0.0 0.0
-3.625 0.0 0.0
0.0 0.0 0.375
0.0 0.0 4.625
0.0 0.0 0.625
-2.0 0.0 0.0
0.0 0.0 1.625
0.0 0.0 3.125
0.0 0.0 1.125
0.0 0.0 7.25
0.0 0.0 2.625
0.0 0.0 3.5
-0.75 0.0 0.0
-0.5 0.0 0.0
0.0 0.0 0.0
-3.25 0.0 0.0
-2.125 0.0 0.0
-2.625 0.0 0.0
-1.375 0.0 0.0
-1.25 0.0 0.0
0.0 0.0 1.375
-12.0 0.0 0.0
0.0 0.0 0.375
-2.25 0.0 0.0
-3.75 0.0 0.0
0.0 0.0 3.375
0.0 0.0 7.625
0.0 0.0 4.0
0.0 0.0 2.5
0.0 0.0 2.625
0.0 0.0 1.125
-9.0 0.0 0.0
-0.5 0.0 0.0
0.0 0.0 5.75
0.0 0 0.0
-1.125 0.0 0.0
0.0 0.0 1.75
0.0 0.0 0.0
-0.5 0.0 0.0
0.0 0.0 0.625
0.0 0.0 1.625
0.0 0.0 0.25
0.0 0.0 9.75
0.0 0.0 3.625
-0.25 0.0 0.0
-6.25 0.0 0.0
0.0 0.0 0.75
-0.875 0.0 0.0
-3.25 0.0 0.0
-3.125 0.0 0.0
0.0 0.0 0.75
-3.737 0.0 0.0
-4.0 0.0 0.0
-3.625 0.0 0.0
-0.625 0.0 0.0
0.0 0.0 0.0
0.0 0.0 1.375
-0.25 0.0 0.0
-0.125 0.0 0.0
0.0 0.0 0.25
-1.125 0.0 0.0
-2.375 0.0 0.0
0.0 0.0 8.125
-13.0 0.0 0.0
-1.25 0.0 0.0
0.0 0.0 0.125
0.0 0.0 0.25
0.0 0.0 23.5
-1.0 0.0 0.0
-3.5 0.0 0.0
-0.125 0.0 0.0
0.0 0.0 4.5
0.0 0.0 8.25
0.0 0.0 1.0
-6.875 0.0 0.0
-1.125 0.0 0.0
-0.5 0.0 0.0
0.0 0.0 5.0
0.0 0.0 0.375
0.0 0.0 0.0
0.0 0.0 0.375
-0.25 0.0 0.0
0.0 0.0 4.75
0.0 0.0 0.5
-3.0 0.0 0.0
-0.875 0.0 0.0
-4.5 0.0 0.0
0.0 0.0 21.5
0.0 0.0 4.0
0.0 0.0 0.0
-4.0 0.0 0.0
0.0 0.0 2.375
0.0 0.0 0.5
0.0 0.0 0.375
0.0 0.0 1.375
0.0 0.0 17.0
0.0 0.0 1.375
0.0 0.0 3.0
0.0 0.0 1.5
-2.25 0.0 0.0
0.0 0.0 4.0
0.0 0.0 0.25
-1.5 0.0 0.0
0.0 0.0 5.375
0.0 0.0 7.625
0.0 0.0 1.0
0.0 0.0 2.375
-2.375 0.0 0.0
-11.75 0.0 0.0
0.0 0.0 1.875
0.0 0.0 6.5
0.0 0.0 0.625
0.0 0.0 2.625
-1.25 0.0 0.0
-10.0 0.0 0.0
0.0 0 0.0
0.0 0.0 2.25
0.0 0.0 11.375
-54.625 0.0 0.0
0.0 0.0 0.0
0.0 0.0 0.0
0.0 0.0 1.125
-0.25 0.0 0.0
-2.0 0.0 0.0
-1.75 0.0 0.0
-1.5 0.0 0.0
0.0 0.0 1.625
0.0 0.0 2.625
0.0 0.0 0.75
0.0 0.0 0.625
0.0 0.0 1.375
0.0 0.0 0.0
-0.625 0.0 0.0
-0.5 0.0 0.0
-10.0 0.0 0.0
0.0 0.0 1.875
0.0 0.0 9.875
-1.875 0.0 0.0
-1.625 0.0 0.0
-0.375 0.0 0.0
-0.625 0.0 0.0
0.0 0.0 1.125
-2.75 0.0 0.0
-0.5 0.0 0.0
0.0 0.0 2.625
0.0 0.0 3.5
0.0 0.0 10.625
0.0 0.0 4.375
0.0 0.0 1.375
0.0 0.0 2.75
-2.125 0.0 0.0
0.0 0.0 9.5
-1.625 0.0 0.0
0.0 0.0 1.625
-0.125 0.0 0.0
0.0 0.0 1.75
0.0 0.0 1.5
0.0 0.0 0.375
-13.625 0.0 0.0
-1.0 0.0 0.0
-0.375 0.0 0.0
0.0 0.0 7.875
0.0 0.0 3.75
0.0 0.0 0.875
0.0 0.0 1.0
0.0 0.0 1.0
-0.375 0.0 0.0
0.0 0.0 2.25
-39.0 0.0 0.0
-1.125 0.0 0.0
-2.375 0.0 0.0
0.0 0.0 3.0
-2.125 0.0 0.0
0.0 0.0 2.25
0.0 0.0 3.125
-1.375 0.0 0.0
-16.0 0.0 0.0
-5.0 0.0 0.0
-1.625 0.0 0.0
0.0 0.0 8.5
0.0 0.0 1.625
-0.25 0.0 0.0
0.0 0.0 2.0
0.0 0.0 6.5
0.0 0.0 2.375
-3.75 0.0 0.0
0.0 0.0 4.5
0.0 0.0 10.0
0.0 0.0 23.25
-1.737 0.0 0.0
0.0 0.0 0.7629999999999999
-1.25 0.0 0.0
-1.25 0.0 0.0
0.0 0.0 3.875
0.0 0.0 3.375
-2.0 0.0 0.0
0.0 0.0 1.75
0.0 0.0 1.125
-2.25 0.0 0.0
-0.875 0.0 0.0
0.0 0.0 0.0
0.0 0.0 2.75
0.0 0.0 0.375
0.0 0.0 0.75
-6.25 0.0 0.0
-1.625 0.0 0.0
0.0 0.0 0.375
-3.5 0.0 0.0
-1.375 0.0 0.0
-7.625 0.0 0.0
-9.375 0.0 0.0
-2.75 0.0 0.0
0.0 0.0 1.25
-2.75 0.0 0.0
-7.875 0.0 0.0
0.0 0.0 1.5
-0.5 0.0 0.0
0.0 0.0 1.125
0.0 0.0 0.0
0.0 0.0 0.25
-1.0 0.0 0.0
-4.625 0.0 0.0
0.0 0.0 15.875
0.0 0.0 1.0
-5.0 0.0 0.0
-0.375 0.0 0.0
-0.75 0.0 0.0
-3.875 0.0 0.0
0.0 0.0 1.75
-2.75 0.0 0.0
-0.375 0.0 0.0
0.0 0.0 18.25
-7.5 0.0 0.0
0.0 0.0 0.0
-0.75 0.0 0.0
-10.25 0.0 0.0
0.0 0.0 2.875
-1.625 0.0 0.0
0.0 0.0 2.5
-1.625 0.0 0.0
-3.0 0.0 0.0
0.0 0.0 0.625
-1.125 0.0 0.0
-1.0 0.0 0.0
0.0 0.0 0.875
0.0 0.0 2.125
-1.625 0.0 0.0
-2.75 0.0 0.0
-11.625 0.0 0.0
-3.25 0.0 0.0
0.0 0.0 5.5
0.0 0.0 5.0
-0.875 0.0 0.0
-4.625 0.0 0.0
0.0 0.0 0.25
-0.75 0.0 0.0
0.0 0.0 3.875
0.0 0.0 2.25
-0.875 0.0 0.0
-2.125 0.0 0.0
0.0 0.0 0.25
0.0 0.0 0.0
-1.125 0.0 0.0
-2.125 0.0 0.0
-6.625 0.0 0.0
-6.25 0.0 0.0
-1.125 0.0 0.0
-2.625 0.0 0.0
-0.125 0.0 0.0
-2.125 0.0 0.0
0.0 0.0 0.25
0.0 0.0 3.0
-1.0 0.0 0.0
-4.125 0.0 0.0
0.0 0.0 5.75
-6.75 0.0 0.0
0.0 0.0 1.0
-2.5 0.0 0.0
-0.25 0.0 0.0
-10.125 0.0 0.0
-5.125 0.0 0.0
0.0 0.0 12.0
-5.125 0.0 0.0
0.0 0.0 2.875
0.0 0.0 4.625
-3.5 0.0 0.0
-1.625 0.0 0.0
0.0 0.0 16.375
-0.75 0.0 0.0
-2.5 0.0 0.0
-1.5 0.0 0.0
-3.5 0.0 0.0
-0.75 0.0 0.0
-5.75 0.0 0.0
0.0 0.0 0.0
0.0 0.0 0.0
0.0 0.0 1.625
0.0 0.0 5.625
0.0 0.0 0.125
-18.875 0.0 0.0
0.0 0.0 1.0
-3.375 0.0 0.0
-3.125 0.0 0.0
-3.375 0.0 0.0
-0.5 0.0 0.0
-4.0 0.0 0.0
0.0 0.0 0.625
0.0 0.0 8.875
-0.25 0.0 0.0
-3.375 0.0 0.0
0.0 0.0 6.0
-17.75 0.0 0.0
-13.375 0.0 0.0
-3.125 0.0 0.0
0.0 0.0 0.5
-1.25 0.0 0.0
0.0 0.0 12.25
0.0 0.0 2.125
-1.625 0.0 0.0
-4.625 0.0 0.0
-10.875 0.0 0.0
0.0 0.0 3.5
0.0 0.0 2.625
0.0 0.0 2.75
0.0 0.0 4.5
-0.522 0.0 0.0
0.0 0.0 0.75
-2.875 0.0 0.0
-2.0 0.0 0.0
-24.25 0.0 0.0
-0.75 0.0 0.0
-0.125 0.0 0.0
-3.0 0.0 0.0
0.0 0.0 23.25
0.0 0.0 0.0
0.0 0.0 3.0
-0.375 0.0 0.0
-4.25 0.0 0.0
-0.375 0.0 0.0
0.0 0.0 0.5
-0.75 0.0 0.0
0.0 0.0 6.625
0.0 0.0 0.0
-1.0 0.0 0.0
0.0 0.0 7.875
0.0 0.0 0.75
0.0 0.0 7.125
-1.875 0.0 0.0
-5.5 0.0 0.0
-5.125 0.0 0.0
-1.375 0.0 0.0
-2.125 0.0 0.0
0.0 0.0 14.625
0.0 0.0 1.513
0.0 0.0 1.5
-3.25 0.0 0.0
0.0 0.0 0.875
-4.875 0.0 0.0
-14.0 0.0 0.0
0.0 0.0 15.5
-1.625 0.0 0.0
-2.0 0.0 0.0
0.0 0.0 2.125
0.0 0.0 0.25
-2.0 0.0 0.0
-2.75 0.0 0.0
0.0 0.0 0.875
-0.25 0.0 0.0
-0.125 0.0 0.0
-12.75 0.0 0.0
0.0 0.0 0.875
0.0 0.0 2.75
-2.5 0.0 0.0
-2.875 0.0 0.0
0.0 0.0 3.0
-1.875 0.0 0.0
-3.375 0.0 0.0
-2.5 0.0 0.0
0.0 0.0 0.25
-1.125 0.0 0.0
-1.125 0.0 0.0
-1.125 0.0 0.0
0.0 0.0 0.25
-19.25 0.0 0.0
0.0 0.0 24.5
-3.25 0.0 0.0
-0.75 0.0 0.0
0.0 0.0 9.75
0.0 0.0 0.625
0.0 0.0 0.0
-2.0 0.0 0.0
0.0 0.0 4.875
0.0 0.0 1.625
-0.3490000000000001 0.0 0.0
-3.75 0.0 0.0
-6.0 0.0 0.0
0.0 0.0 7.875
-1.75 0.0 0.0
0.0 0.0 0.0
0.0 0.0 1.25
0.0 0.0 5.625
-0.125 0.0 0.0
0.0 0.0 1.5
0.0 0.0 2.125
-2.625 0.0 0.0
-0.25 0.0 0.0
0.0 0.0 16.5
-0.625 0.0 0.0
-1.125 0.0 0.0
-1.0 0.0 0.0
0.0 0.0 7.125
0.0 0.0 6.125
0.0 0.0 4.75
-7.0 0.0 0.0
0.0 0.0 3.75
-3.375 0.0 0.0
0.0 0.0 8.875
-14.875 0.0 0.0
-0.375 0.0 0.0
-3.375 0.0 0.0
-3.75 0.0 0.0
-1.125 0.0 0.0
-5.0 0.0 0.0
-1.5 0.0 0.0
0.0 0.0 3.625
0.0 0.0 1.5
0.0 0.0 30.375
0.0 0.0 2.0
-3.5 0.0 0.0
0.0 0.0 25.375
0.0 0.0 4.125
0.0 0.0 0.0
-4.125 0.0 0.0
0.0 0.0 0.0
-3.125 0.0 0.0
0.0 0.0 2.625
0.0 0.0 0.75
0.0 0.0 1.875
-5.25 0.0 0.0
-0.25 0.0 0.0
-1.125 0.0 0.0
0.0 0.0 2.375
-0.25 0.0 0.0
-2.125 0.0 0.0
-7.25 0.0 0.0
-2.125 0.0 0.0
0.0 0.0 0.625
0.0 0.0 0.375
-1.875 0.0 0.0
-1.625 0.0 0.0
-1.875 0.0 0.0
0.0 0.0 0.625
0.0 0.0 19.819
0.0 0.0 4.75
0.0 0.0 8.5
-9.625 0.0 0.0
0.0 0.0 2.125
0.0 0.0 1.5
-5.0 0.0 0.0
0.0 0.0 5.125
0.0 0.0 5.75
-3.5 0.0 0.0
-6.375 0.0 0.0
-7.25 0.0 0.0
0.0 0.0 13.875
-38.125 0.0 0.0
-0.375 0.0 0.0
0.0 0.0 6.0
0.0 0.0 23.375
0.0 0.0 1.5
0.0 0.0 4.625
0.0 0.0 0.25
-1.875 0.0 0.0
-1.0 0.0 0.0
-1.0 0.0 0.0
-10.25 0.0 0.0
-7.25 0.0 0.0
-2.25 0.0 0.0
0.0 0.0 0.625
0.0 0.0 1.75
0.0 0.0 1.125
0.0 0.0 81.25
0.0 0.0 0.625
0.0 0.0 4.0
0.0 0.0 2.5
-4.375 0.0 0.0
-0.5 0.0 0.0
-2.0 0.0 0.0
-6.75 0.0 0.0
-1.625 0.0 0.0
-1.25 0.0 0.0
-2.625 0.0 0.0
0.0 0.0 0.375
0.0 0.0 0.625
