0.7118654251098633 0.2881345748901367
0.9850000143051147 0.015000022947788239
0.05819947272539139 0.9418005347251892
0.9235330820083618 0.07646689563989639
0.9370272159576416 0.06297280639410019
0.9972051978111267 0.002794734900817275
0.016224920749664307 0.9837750792503357
0.8964946269989014 0.10350538045167923
0.9766829609870911 0.02331707254052162
0.9571537971496582 0.0428462028503418
0.7786019444465637 0.22139810025691986
0.006365244276821613 0.9936347007751465
0.996178388595581 0.0038216107059270144
0.31692880392074585 0.6830712556838989
0.018592022359371185 0.9814079403877258
0.8235906362533569 0.17640936374664307
0.001979180844500661 0.9980208873748779
0.9961246848106384 0.0038753761909902096
0.04127126932144165 0.9587287306785583
0.8842804431915283 0.11571954935789108
0.006844224873930216 0.9931557774543762
0.9188055396080017 0.0811944454908371
0.32834529876708984 0.6716547012329102
0.9940551519393921 0.005944846663624048
0
0.9835504293441772 0.01644960418343544
0.9975109100341797 0.0024891251232475042
0.0017811753787100315 0.998218834400177
0
0.014861010015010834 0.9851389527320862
0.9969778060913086 0.003022177377715707
0.024161752313375473 0.9758382439613342
0.006370795890688896 0.9936291575431824
0.00221864297054708 0.9977813363075256
0.013562455773353577 0.9864375591278076
0.9861911535263062 0.013808825053274632
0.9971060156822205 0.002893939148634672
0.9473025798797607 0.052697353065013885
0.998887836933136 0.0011121425777673721
0.994852602481842 0.005147404037415981
0.007574380375444889 0.9924256801605225
0
0.191152885556221 0.8088470697402954
0.07058893889188766 0.9294111132621765
0.010188991203904152 0.9898110628128052
0.0005207728245295584 0.9994792342185974
0.9145106673240662 0.08548934012651443
0.0007486754911951721 0.9992513060569763
0.02738547883927822 0.972614586353302
0.9979649782180786 0.00203506788238883
0.9961937665939331 0.00380622036755085
0.990009605884552 0.009990407153964043
0.9645054936408997 0.03549456223845482
0.9918889403343201 0.008111032657325268
0.9973220229148865 0.002678007585927844
0.9934123158454895 0.006587673909962177
0.9706977605819702 0.029302245005965233
0.9928937554359436 0.00710619892925024
0.1668630838394165 0.8331369161605835
0.15175861120224 0.8482413291931152
0.9956340193748474 0.004366009961813688
0.0017872260650619864 0.9982128143310547
0.9972224235534668 0.0027776025235652924
0.003754211589694023 0.996245801448822
0
0.016739601269364357 0.9832603335380554
0
0.0025525216478854418 0.9974474906921387
0.0011281311744824052 0.9988718628883362
0.0013068525586277246 0.9986931681632996
0.9910592436790466 0.008940743282437325
0.9972224235534668 0.0027776025235652924
0.054626259952783585 0.9453737735748291
0.9642106890678406 0.03578925505280495
0.0004499881761148572 0.9995500445365906
0.00415401067584753 0.9958459734916687
0.9885158538818359 0.011484121903777122
0.00039317767368629575 0.9996067881584167
0.0009225844405591488 0.9990774393081665
0.9947174191474915 0.005282646976411343
0.050063248723745346 0.9499366879463196
0.9962424039840698 0.0037576660979539156
0.003302736207842827 0.9966973066329956
0.003434596350416541 0.9965654015541077
0.004421473015099764 0.9955784678459167
0.9977719187736511 0.002228084485977888
0.9972549080848694 0.0027450830675661564
0.9981022477149963 0.0018977237632498145
0
0.0046044508926570415 0.9953954815864563
0.0010938263731077313 0.998906135559082
0.987250804901123 0.012749124318361282
0.9961601495742798 0.0038397959433496
0.968448281288147 0.031551674008369446
0.8964652419090271 0.10353478044271469
0.4360750913619995 0.5639249086380005
0.9941629767417908 0.005837023723870516
0.9506011009216309 0.049398910254240036
0.9862386584281921 0.013761255890130997
0.0002058024110738188 0.9997941851615906
0.00029135006479918957 0.9997085928916931
0.008757703006267548 0.9912422895431519
0.0028583139646798372 0.9971416592597961
0.9875922799110413 0.012407718226313591
0.0316045880317688 0.9683954119682312
0.9964558482170105 0.003544180653989315
0.0003274256596341729 0.999672532081604
0.9703311920166016 0.029668815433979034
0.657545804977417 0.34245413541793823
0.9826305508613586 0.017369460314512253
0.17669588327407837 0.8233041167259216
0.006790832616388798 0.993209183216095
0.028786825016140938 0.971213161945343
0.8777610659599304 0.12223894894123077
0.0019387059146538377 0.9980612397193909
0.9969708919525146 0.003029096173122525
0.9950621724128723 0.004937769845128059
0.0513002835214138 0.9486997127532959
0.49546897411346436 0.5045310854911804
0.8420573472976685 0.15794269740581512
0
0.033649057149887085 0.9663509130477905
0.0009191739372909069 0.9990807771682739
0.00139608234167099 0.998603880405426
0.0036197348963469267 0.9963802695274353
0.957289457321167 0.04271053522825241
0.005024118814617395 0.9949759244918823
0.003237692406401038 0.9967622756958008
0.004790879786014557 0.9952091574668884
0.003723149886354804 0.9962767958641052
0.019630981609225273 0.9803690314292908
0.002315836725756526 0.997684121131897
0.00045532462536357343 0.9995446801185608
0.0016346119809895754 0.9983653426170349
0.003126511350274086 0.9968735575675964
0.9978163242340088 0.0021836638916283846
0.0010717236436903477 0.9989282488822937
0.00040521708433516324 0.9995947480201721
0.9979167580604553 0.00208323635160923
0.039135247468948364 0.960864782333374
0.9963855743408203 0.003614391665905714
0.05168931931257248 0.9483106136322021
0.0027473988011479378 0.9972526431083679
0.9994271993637085 0.0005728845717385411
0.1737971007823944 0.8262028694152832
0.006396682932972908 0.9936032891273499
0.5167458653450012 0.4832541346549988
0.007981739938259125 0.9920182824134827
0.0036889498587697744 0.9963110089302063
0.9295796751976013 0.07042034715414047
0.99859219789505 0.0014077839441597462
0.9923985600471497 0.007601469289511442
0.028012415394186974 0.9719876050949097
0.9194014668464661 0.08059857040643692
0.9527341723442078 0.04726581275463104
0
0.998607337474823 0.0013926895335316658
0.009114489890635014 0.9908855557441711
0.9947845339775085 0.00521544273942709
0.7480286955833435 0.2519712746143341
0.001679816166870296 0.9983201622962952
0.5811346769332886 0.4188653230667114
0.8787903785705566 0.12120956182479858
0.007521693129092455 0.9924782514572144
0.04288577660918236 0.9571141600608826
0.8256902694702148 0.17430973052978516
0.9987443685531616 0.0012555717257782817
0.9912351369857788 0.008764820173382759
0.9922682642936707 0.007731691934168339
0.0006693449686281383 0.9993306398391724
0.9743841886520386 0.025615829974412918
0.995816171169281 0.004183860961347818
0.002806004136800766 0.9971939325332642
0.993963897228241 0.006036090198904276
0.9918655753135681 0.00813440140336752
0.9985041618347168 0.001495813368819654
0.9666141271591187 0.03338591009378433
0.037139032036066055 0.9628609418869019
0.969773530960083 0.030226435512304306
0.9770779609680176 0.022922037169337273
0.9974406957626343 0.0025592695455998182
0.9901072978973389 0.009892690926790237
0.9984014630317688 0.001598543138243258
0.9971190690994263 0.0028808999340981245
0.000550849421415478 0.9994491934776306
0.5044519305229187 0.4955480396747589
0.0008920947439037263 0.9991078972816467
0.9768011569976807 0.02319888211786747
0.9871348738670349 0.01286511030048132
0.8586609959602356 0.14133895933628082
0.0025244865100830793 0.9974754452705383
0.048460859805345535 0.9515390992164612
0.8008762001991272 0.199123814702034
0.9765843749046326 0.023415582254529
0.9856454730033875 0.014354451559484005
0.6768519282341003 0.3231480121612549
0.9160906076431274 0.08390936255455017
0.9984985589981079 0.0015014695236459374
0.9924343824386597 0.007565668784081936
0.9917102456092834 0.008289739489555359
0.9926536083221436 0.0073463935405015945
0.008250762708485126 0.9917492866516113
0.013289384543895721 0.9867106080055237
0.0022563664242625237 0.9977436065673828
0.6350507736206055 0.3649492561817169
0.23281142115592957 0.7671886086463928
0.6193749308586121 0.38062506914138794
0.9488834738731384 0.05111660063266754
0.9901009798049927 0.009898980148136616
0.001036296016536653 0.9989637136459351
0.03989975154399872 0.9601002335548401
0.05724426358938217 0.9427556991577148
0.9936882853507996 0.006311705335974693
0.009907797910273075 0.9900922179222107
0.8910543918609619 0.10894555598497391
0.9882970452308655 0.011702977120876312
0.9880330562591553 0.011966937221586704
0.0023820570204406977 0.9976179003715515
0.06020965054631233 0.9397903084754944
0.05642329901456833 0.9435766935348511
0.9946144223213196 0.005385566037148237
0.9936112761497498 0.0063887694850564
0.9994613528251648 0.0005386777920648456
0.9845929741859436 0.015406985767185688
0.04424234479665756 0.955757737159729
0.9910915493965149 0.008908423595130444
0.000374913914129138 0.9996250867843628
0.012320829555392265 0.9876791834831238
0.07628095895051956 0.9237191081047058
0.9610073566436768 0.03899263218045235
0.9574305415153503 0.042569469660520554
0.001855408656410873 0.9981446266174316
0.9961119294166565 0.0038880982901901007
0.044108711183071136 0.9558913707733154
0.838008463382721 0.16199158132076263
0.9964313507080078 0.003568679327145219
0.0501999668776989 0.9498000144958496
0.047598838806152344 0.9524011015892029
0.9968300461769104 0.0031699680257588625
0.008548257872462273 0.9914517998695374
0
0.015638399869203568 0.9843615293502808
0.6857599020004272 0.31424012780189514
0.0015751769533380866 0.9984248876571655
0.9906344413757324 0.009365596808493137
0
0.9658584594726562 0.03414158150553703
0.6028858423233032 0.3971141576766968
0.9461005330085754 0.05389942228794098
0.36528071761131287 0.6347193121910095
0.9827836751937866 0.017216326668858528
0.9923273921012878 0.007672625128179789
0.9838814735412598 0.01611846499145031
0.8977970480918884 0.10220300406217575
0.9875413775444031 0.01245868019759655
0.7747235894203186 0.22527644038200378
0.20760774612426758 0.7923922538757324
0.969446063041687 0.030553925782442093
0.03842989355325699 0.961570143699646
0.994642972946167 0.005357065703719854
0.4459860622882843 0.5540139079093933
0.9954625964164734 0.004537421278655529
0.9640889167785645 0.03591107577085495
0.9993953704833984 0.0006046394119039178
0.003958248998969793 0.9960417747497559
0.9818399548530579 0.018160009756684303
0.994466245174408 0.005533794406801462
0.9887902736663818 0.01120971329510212
0.9958964586257935 0.004103569779545069
0.9356760382652283 0.06432395428419113
0.9982168078422546 0.0017831373261287808
0.4563755393028259 0.5436244606971741
0.2716316282749176 0.72836834192276
0.001047516823746264 0.9989525079727173
0.9971565008163452 0.0028435206040740013
0.9972255229949951 0.0027744683902710676
0.9410033226013184 0.05899664759635925
0.5811744928359985 0.41882550716400146
0.00016637571388855577 0.9998335838317871
0.008683559484779835 0.9913164377212524
0.6629387140274048 0.3370612561702728
0.5258738994598389 0.47412610054016113
0.8923991918563843 0.10760075598955154
0.9968935251235962 0.00310644693672657
0.3250652849674225 0.6749347448348999
0.9988769888877869 0.001123048597946763
0.9858849048614502 0.014115039259195328
0.01647012121975422 0.9835298657417297
0.003432347672060132 0.9965676069259644
0.998264729976654 0.001735261525027454
0.9979439377784729 0.002056102268397808
0.9973803162574768 0.0026196937542408705
0.4672745168209076 0.53272545337677
0.0866316556930542 0.9133683443069458
0.0015647939871996641 0.9984351992607117
0.0003333674685563892 0.999666690826416
0.9922911524772644 0.007708905730396509
0.8999864459037781 0.10001350939273834
0.979820728302002 0.020179232582449913
0.9981951117515564 0.0018049456411972642
0.9778292179107666 0.022170836105942726
0.0003119411994703114 0.9996880292892456
0.9962348341941833 0.0037651308812201023
0.16483530402183533 0.8351646661758423
0.09180985391139984 0.908190131187439
0.014451805502176285 0.985548198223114
0.0030291827861219645 0.9969707727432251
0.005187519825994968 0.9948124885559082
0.27718421816825867 0.722815752029419
0.0006923872861079872 0.9993076324462891
0.01577773317694664 0.9842222332954407
0.9897593259811401 0.010240720584988594
0.974030613899231 0.0259693693369627
0.9972630739212036 0.0027369132731109858
0.7573865056037903 0.24261349439620972
0.0008353501325473189 0.9991647005081177
0.0006585904629901052 0.9993414282798767
0.9925018548965454 0.007498172577470541
0.9898924827575684 0.010107581503689289
0.903799831867218 0.09620018303394318
0.9918924570083618 0.008107542060315609
0
0.0690297782421112 0.9309702515602112
0.0018948715878650546 0.9981050491333008
0.5434869527816772 0.45651304721832275
0.9408796429634094 0.05912037566304207
0.9446012377738953 0.05539868772029877
0.9924755692481995 0.007524484768509865
0.9972053170204163 0.0027947130147367716
0.6385840177536011 0.3614160120487213
0.8585776686668396 0.1414223164319992
0.9988765120506287 0.0011234241537749767
0.4349910318851471 0.5650089979171753
0.0005667668301612139 0.9994332194328308
0.011882943101227283 0.9881170988082886
0.9589536190032959 0.041046373546123505
0.007224086206406355 0.9927759170532227
0.16281990706920624 0.8371800780296326
0.9659084677696228 0.034091535955667496
0.01814720593392849 0.9818528294563293
0.973581850528717 0.026418134570121765
0.0010505318641662598 0.9989494681358337
0.32299286127090454 0.6770071387290955
0.9961126446723938 0.0038874265737831593
0.968699038028717 0.031300969421863556
0.0017776498571038246 0.998222291469574
0.9513140320777893 0.0486859567463398
0.0006041952292434871 0.9993958473205566
0.9938107132911682 0.006189317442476749
0.9252074360847473 0.07479257881641388
0.9981568455696106 0.001843199715949595
0.4938684403896332 0.5061315298080444
0.012704787775874138 0.9872952103614807
0.00487328739836812 0.9951267242431641
0.9909399747848511 0.009060023352503777
0.1685764044523239 0.8314236402511597
0.9925669431686401 0.007433039136230946
0.028991755098104477 0.9710082411766052
0.0016425092471763492 0.9983574748039246
0.0664370134472847 0.9335629940032959
0.9884366989135742 0.011563337408006191
0.7090834975242615 0.29091647267341614
0.8566955924034119 0.14330439269542694
0.028606707230210304 0.971393346786499
0.9944115281105042 0.005588472820818424
0.5308175683021545 0.46918243169784546
0.9858221411705017 0.014177883043885231
0.014715181663632393 0.9852848649024963
0.014219049364328384 0.9857808947563171
0.6527584791183472 0.34724152088165283
0.0012036775005981326 0.9987963438034058
0.9456530213356018 0.05434702709317207
0.9708492159843445 0.02915075048804283
0.9170428514480591 0.08295721560716629
0.9988646507263184 0.0011353780282661319
0.8531326055526733 0.14686743915081024
0.9614511132240295 0.03854893147945404
0.996250331401825 0.0037497130688279867
0.010066819377243519 0.98993319272995
0.9874938130378723 0.01250616554170847
0.9890174865722656 0.010982496663928032
0.9905183911323547 0.009481637738645077
0.9989681243896484 0.0010318977292627096
0.9469290971755981 0.053070928901433945
0.9927964806556702 0.007203472312539816
0.21484309434890747 0.7851568460464478
0.9900874495506287 0.009912542067468166
0.9896067976951599 0.010393168777227402
0.001550150802358985 0.9984498023986816
0.9987598657608032 0.0012401994317770004
0.44283831119537354 0.5571617484092712
0.8572897911071777 0.14271025359630585
0.9936702251434326 0.006329779513180256
0.12382461875677109 0.8761753439903259
0.9973393082618713 0.00266072154045105
0.9925968647003174 0.007403169292956591
0.980663001537323 0.019336972385644913
0.9979649782180786 0.00203502899967134
0.9907301068305969 0.009269913658499718
0.9789086580276489 0.021091308444738388
0.9847378134727478 0.015262189321219921
0.9940348267555237 0.005965189076960087
0.2379397749900818 0.7620602250099182
0.0730578675866127 0.9269421696662903
0.0034316086675971746 0.9965683221817017
0.9981847405433655 0.0018152585253119469
0.998049259185791 0.001950759906321764
0.9696856737136841 0.030314384028315544
0.910783052444458 0.08921688795089722
0.0022931687999516726 0.9977067708969116
0.9765281081199646 0.02347184531390667
0.9974206686019897 0.002579393796622753
0.974918007850647 0.025081975385546684
0.971137523651123 0.028862446546554565
0.0069299195893108845 0.9930700659751892
0.9924989342689514 0.007501039654016495
0.9687354564666748 0.03126451373100281
0.9821074604988098 0.01789250783622265
0.9981295466423035 0.0018705212278291583
0.013287465088069439 0.9867125749588013
0.9798587560653687 0.020141225308179855
0.9246335029602051 0.07536651939153671
0.9596052169799805 0.04039477929472923
0.9976167678833008 0.002383303828537464
0.9983843564987183 0.0016156111378222704
0.9941923022270203 0.005807653069496155
0.9973583817481995 0.0026415372267365456
0.9979579448699951 0.0020420397631824017
0.009436328895390034 0.9905636310577393
0.994878888130188 0.005121153313666582
0.9993677735328674 0.0006322688423097134
0.9924101829528809 0.007589816115796566
0.00043940957402810454 0.999560534954071
0.9888335466384888 0.011166457086801529
0.04282975569367409 0.9571701884269714
0.9964286684989929 0.0035713082179427147
0.9909589290618896 0.009041035547852516
0.03598462790250778 0.9640153646469116
0.9905339479446411 0.009466024115681648
0.0014036425855010748 0.9985963702201843
0.988796591758728 0.01120346412062645
0.994860053062439 0.005139949731528759
0.9799267649650574 0.020073233172297478
0.9944612979888916 0.00553875882178545
0.9981233477592468 0.0018766309367492795
0.9969616532325745 0.003038291586562991
0.9866069555282593 0.013393089175224304
0.8161396980285645 0.18386028707027435
0.9984832406044006 0.0015167450765147805
0.9986500144004822 0.0013500506756827235
0.9934749007225037 0.006525135599076748
0.9110316038131714 0.08896841108798981
0.018525993451476097 0.981473982334137
0.998357355594635 0.0016426264774054289
0.9978047013282776 0.002195283304899931
0.9987791180610657 0.001220868551172316
0.017034247517585754 0.9829657673835754
0.4385332763195038 0.5614666938781738
0.10470225661993027 0.8952977657318115
0.9877947568893433 0.012205228209495544
0.9845799207687378 0.015420055016875267
0.969856858253479 0.03014313243329525
0.9968171715736389 0.003182870801538229
0.22281235456466675 0.7771876454353333
0.9914523363113403 0.008547602221369743
0.811008870601654 0.18899112939834595
0.0045581902377307415 0.9954417943954468
0.10865313559770584 0.8913468718528748
0.9886453151702881 0.01135469414293766
0.998055100440979 0.0019448986276984215
0.9977595806121826 0.002240451518446207
0.9978716373443604 0.0021283531095832586
0.9801802635192871 0.019819756969809532
0.9874193072319031 0.012580683454871178
0.00433740857988596 0.9956626296043396
0.7145134806632996 0.2854865789413452
0.4339504539966583 0.5660495758056641
0.989566445350647 0.010433520190417767
0.9994692206382751 0.0005307557876221836
0.1919240951538086 0.8080758452415466
0.9933232665061951 0.00667668366804719
0.9976673722267151 0.0023325623478740454
0.010981886647641659 0.9890180826187134
0.750310480594635 0.24968953430652618
0.7933286428451538 0.206671342253685
0.8685070276260376 0.1314929574728012
0.9924312829971313 0.007568704895675182
0.9975802898406982 0.00241974089294672
0.983742892742157 0.0162570271641016
0.9985678195953369 0.001432172255590558
0.006016072351485491 0.9939839243888855
0.9992159605026245 0.0007840508478693664
0.017232712358236313 0.9827673435211182
0.9988781809806824 0.0011217966675758362
0.01181908417493105 0.9881809949874878
0.962668776512146 0.037331245839595795
0.9935617446899414 0.006438300479203463
0.5655449032783508 0.4344550371170044
0.9961768388748169 0.0038231636863201857
0.9479912519454956 0.05200876295566559
0.016562752425670624 0.9834372997283936
0.0009868527995422482 0.9990131855010986
0.023337071761488914 0.9766629338264465
0.9897369742393494 0.010262948460876942
0.005520273465663195 0.994479775428772
0.1258789747953415 0.8741210103034973
0.990676760673523 0.009323193691670895
0.9877347350120544 0.012265248224139214
0.9877229928970337 0.012277016416192055
0.01229105144739151 0.9877089262008667
0.9984416365623474 0.0015584202483296394
0.9853823184967041 0.01461772434413433
0.016987688839435577 0.9830122590065002
0.08830597996711731 0.9116940498352051
0.9897608160972595 0.010239165276288986
0.060963764786720276 0.9390362501144409
0.9563451409339905 0.04365483298897743
0.9426074624061584 0.05739256739616394
0.008365985937416553 0.9916340112686157
0.9904944896697998 0.00950550101697445
0.995524525642395 0.004475542809814215
0.9064270257949829 0.09357297420501709
0.9956254959106445 0.004374444019049406
0.04724685102701187 0.9527531862258911
0.9876056909561157 0.01239427924156189
0.9770811200141907 0.02291889861226082
0.9992116689682007 0.0007882568170316517
0.9429733753204346 0.057026635855436325
0.9638974666595459 0.03610248491168022
0.0010090740397572517 0.9989909529685974
0.9659968018531799 0.03400315344333649
0.002851672936230898 0.997148334980011
0.95734703540802 0.04265296086668968
0.9957152009010315 0.0042847804725170135
0.05653737112879753 0.943462610244751
0.9973127245903015 0.002687206957489252
0.9878185987472534 0.01218140497803688
0.14091742038726807 0.8590825796127319
0.9934861063957214 0.006513952277600765
0.9868403673171997 0.013159572146832943
0.9931326508522034 0.006867321208119392
0.9465237259864807 0.05347630754113197
0.990960419178009 0.009039557538926601
0.30048868060112 0.6995112895965576
0.0026233051903545856 0.9973766803741455
0.5576278567314148 0.44237208366394043
0.007447551470249891 0.9925525188446045
0.5028032660484314 0.497196763753891
0.0021793353371322155 0.9978206157684326
0.9906426072120667 0.009357405826449394
0.3482339680194855 0.6517660021781921
0.9250193238258362 0.07498064637184143
0.3974331021308899 0.6025669574737549
0.9884428381919861 0.01155720092356205
0.9910093545913696 0.008990627713501453
0.9971877932548523 0.0028121727518737316
0.9896422028541565 0.010357809253036976
0.9947443008422852 0.0052557592280209064
0.000826548261102289 0.9991734623908997
0.009982675313949585 0.9900173544883728
0.2463657557964325 0.7536342740058899
0.9967246651649475 0.0032753555569797754
0.9887306094169617 0.011269334703683853
0.9961057305335999 0.0038942010141909122
0.9983678460121155 0.0016321261646226048
0.00708488654345274 0.992915153503418
0.0046707699075341225 0.9953292608261108
0.7804310321807861 0.21956893801689148
0.998940646648407 0.0010593760525807738
0.9862522482872009 0.013747749850153923
0.9991050362586975 0.0008949204348027706
0.14395570755004883 0.8560442328453064
0.9985784292221069 0.0014216236304491758
0.9933170080184937 0.0066830189898610115
0.10819936543703079 0.891800582408905
0.9893011450767517 0.01069884467869997
0.01881936378777027 0.9811806678771973
0.0010090740397572517 0.9989909529685974
0.9985522627830505 0.0014476815704256296
0.9936704635620117 0.00632950384169817
0.6024977564811707 0.39750224351882935
0.9894894957542419 0.010510442778468132
0.9672508835792542 0.03274909779429436
0.9885962605476379 0.011403722688555717
0.005090118385851383 0.994909942150116
0.006660206243395805 0.9933398365974426
0.98847895860672 0.011521044187247753
0.010577768087387085 0.9894222617149353
0.9881430268287659 0.011856934987008572
0.998363196849823 0.0016367494827136397
0.012509817257523537 0.9874902367591858
0.9902325868606567 0.009767341427505016
0.8532114028930664 0.1467886120080948
0.9976091384887695 0.0023907979484647512
0.9986503720283508 0.001349639380350709
0
0.9966511130332947 0.0033489076886326075
0.005938298534601927 0.9940616488456726
0.9870970249176025 0.012903019785881042
0.9962297081947327 0.0037703001871705055
0.08354844897985458 0.9164515137672424
0.9951437711715698 0.0048562465235590935
0.9986096620559692 0.0013903439976274967
0.0009611305431462824 0.9990389347076416
0.33498939871788025 0.6650106310844421
0.9926261305809021 0.00737385218963027
0.01625922881066799 0.9837407469749451
0.6448989510536194 0.355101078748703
0.9939496517181396 0.006050305441021919
0.00203317659907043 0.9979668259620667
0.9813762903213501 0.018623709678649902
0.007398573216050863 0.9926014542579651
0.8281490802764893 0.17185086011886597
0.9933353662490845 0.006664589047431946
0.2292177528142929 0.7707822322845459
0.8799625039100647 0.1200374960899353
0.615107536315918 0.3848924934864044
0.9969442486763 0.0030557403806596994
0.009378540329635143 0.9906214475631714
0.9985716342926025 0.0014283688506111503
0
0.9988687634468079 0.0011312292190268636
0.0002823402173817158 0.999717652797699
0.005433195736259222 0.994566798210144
0.9928480386734009 0.0071519180200994015
0.939548134803772 0.06045181676745415
0.9854737520217896 0.014526196755468845
0.9960862398147583 0.003913789987564087
0.9572733044624329 0.04272668436169624
0.9717211127281189 0.028278842568397522
0.00664255628362298 0.9933574795722961
0.4863772988319397 0.5136227011680603
0.00707984110340476 0.9929202198982239
0.686838686466217 0.31316131353378296
0.9942161440849304 0.005783932749181986
0.0029882609378546476 0.9970117807388306
0.9311798214912415 0.06882016360759735
0.04849206283688545 0.9515079259872437
0.9349730610847473 0.06502699106931686
0
0.015655837953090668 0.9843442440032959
0.0018035602988675237 0.9981964230537415
0.9771784543991089 0.02282155677676201
0.8961732387542725 0.10382676124572754
0.961443305015564 0.0385567732155323
0.2859243154525757 0.7140756249427795
0.9271972179412842 0.07280281186103821
0.9904658794403076 0.009534172713756561
0.9893173575401306 0.010682635009288788
0.0038246321491897106 0.9961752891540527
0.9934292435646057 0.006570720113813877
0.9964296221733093 0.0035704278852790594
0.0010198150994256139 0.9989801049232483
0.9945892095565796 0.005410830024629831
0.9964774250984192 0.0035225949250161648
0.49908748269081116 0.5009124875068665
0.00814729556441307 0.9918527007102966
0.9814996719360352 0.018500259146094322
0.002952032722532749 0.9970479607582092
0.9900340437889099 0.009965959936380386
0.9813900589942932 0.01860990934073925
0.9920072555541992 0.007992681115865707
0.9869749546051025 0.013025050982832909
0.004418233875185251 0.9955818057060242
0.9970402121543884 0.002959735691547394
0.5971556305885315 0.4028443992137909
0.9154734015464783 0.08452665060758591
0.9551589488983154 0.04484109953045845
0.9953698515892029 0.004630180075764656
0.9973605275154114 0.0026394224260002375
0.021699637174606323 0.9783003926277161
0.996055006980896 0.003945024684071541
0.9980594515800476 0.0019405344501137733
0.898658812046051 0.10134119540452957
0.9961692690849304 0.0038307784125208855
0.0023190053179860115 0.9976810216903687
0.9760535359382629 0.023946495726704597
0.9952032566070557 0.004796717315912247
0.6487241983413696 0.35127580165863037
0.9896669387817383 0.01033305749297142
0.9858123064041138 0.014187676832079887
0.9971699118614197 0.002830056007951498
0.9990537762641907 0.0009462400921620429
0.9883665442466736 0.011633459478616714
0.9951436519622803 0.004856394603848457
0.9609304666519165 0.039069462567567825
0.9619641304016113 0.03803592920303345
0.9638333320617676 0.03616664558649063
0.940916895866394 0.05908316373825073
0.0035805609077215195 0.9964194297790527
0.9881488680839539 0.011851099319756031
0.9966573715209961 0.003342584241181612
0.025910692289471626 0.9740893244743347
0.9036226272583008 0.09637738764286041
0.9959194660186768 0.004080487880855799
0.9922824501991272 0.007717592176049948
0.10496914386749268 0.8950308561325073
0.029324378818273544 0.9706756472587585
0.2682536542415619 0.7317463755607605
0.9907724857330322 0.009227491915225983
