0.19789451360702515 0.15584520995616913 0.6462603211402893
0.3073095977306366 0.15054215490818024 0.542148232460022
0.06940128654241562 0.32746413350105286 0.6031346321105957
0.2848161458969116 0.14840349555015564 0.5667802691459656
0.3528449535369873 0.12898145616054535 0.5181735754013062
0.23864801228046417 0.1209612786769867 0.6403906941413879
0.01756381057202816 0.34555861353874207 0.6368775963783264
0.20766404271125793 0.14682768285274506 0.645508348941803
0.05561406537890434 0.32708990573883057 0.617296040058136
0.03790424391627312 0.17244838178157806 0.7896473407745361
0.11657281219959259 0.24869349598884583 0.6347337365150452
0.006943774875253439 0.7668392062187195 0.22621703147888184
0.30687034130096436 0.14242589473724365 0.5507038235664368
0.09899009764194489 0.443417489528656 0.4575923681259155
0.06538352370262146 0.3576521873474121 0.5769643187522888
0.6620101928710938 0.03718656301498413 0.3008032739162445
0.022211773321032524 0.6853224039077759 0.29246586561203003
0.28991639614105225 0.16271141171455383 0.5473721623420715
0.026063675060868263 0.48178452253341675 0.49215176701545715
0.01826581172645092 0.5192351937294006 0.4624989926815033
0.30144283175468445 0.22386310994625092 0.47469398379325867
0.014482663944363594 0.6998468637466431 0.28567051887512207
0.7221412062644958 0.03180237486958504 0.24605640769004822
0.42701566219329834 0.06799111515283585 0.504993200302124
0
0.09051405638456345 0.39707517623901367 0.5124107003211975
0.7694533467292786 0.027153683826327324 0.20339301228523254
0.048315227031707764 0.5571389198303223 0.3945458233356476
0
0.10904368758201599 0.4021393656730652 0.48881688714027405
0.0942869558930397 0.1981182098388672 0.7075947523117065
0.4427158236503601 0.07953312247991562 0.4777510464191437
0.009275948628783226 0.848400354385376 0.14232361316680908
0.008167807012796402 0.8475940823554993 0.1442381739616394
0.010396404191851616 0.6308384537696838 0.3587651550769806
0.31889355182647705 0.08339674025774002 0.5977097153663635
0.9708503484725952 0.0029629033524543047 0.026186784729361534
0.2871708869934082 0.1334158331155777 0.5794132947921753
0.4803360402584076 0.05705725774168968 0.46260666847229004
0.4474128484725952 0.07525258511304855 0.4773346185684204
0.006058418657630682 0.6954300403594971 0.2985115051269531
0
0.014915823936462402 0.8700444102287292 0.11503975093364716
0.004423549864441156 0.8465055227279663 0.14907094836235046
0.1656636744737625 0.12266255915164948 0.7116737961769104
0.004220223519951105 0.8611760139465332 0.13460376858711243
0.6874710917472839 0.058626413345336914 0.25390252470970154
0.003985472489148378 0.8930692076683044 0.10294532775878906
0.020896457135677338 0.5902203917503357 0.38888314366340637
0.12859050929546356 0.043860893696546555 0.8275485634803772
0.16941507160663605 0.207156702876091 0.623428225517273
0.2169235497713089 0.11184801906347275 0.6712284088134766
0.27097025513648987 0.12486708164215088 0.6041626930236816
0.5446996688842773 0.05781588330864906 0.3974844813346863
0.17937612533569336 0.2223910689353943 0.5982328057289124
0.49041154980659485 0.0391508974134922 0.47043755650520325
0.26957887411117554 0.12660247087478638 0.6038186550140381
0.2126275599002838 0.10632918775081635 0.6810432076454163
0.25755032896995544 0.15499407052993774 0.5874555706977844
0.13192856311798096 0.3023420572280884 0.5657294392585754
0.50212562084198 0.04032250493764877 0.45755186676979065
0.012797258794307709 0.7418220043182373 0.245380699634552
0.1136217936873436 0.05949612706899643 0.8268820643424988
0.04893731698393822 0.49635928869247437 0.4547033905982971
0
0.04013420641422272 0.35728901624679565 0.6025767922401428
0
0.01600646786391735 0.526168942451477 0.45782458782196045
0.011361557990312576 0.8429403901100159 0.14569804072380066
0.08913575857877731 0.22829732298851013 0.6825668811798096
0.01935708336532116 0.5534107685089111 0.42723214626312256
0.1136217936873436 0.05949612706899643 0.8268820643424988
0.4910917282104492 0.06182873621582985 0.4470795691013336
0.3508809506893158 0.17854921519756317 0.47056981921195984
0.034367285668849945 0.734339714050293 0.2312929332256317
0.08731229603290558 0.2810332775115967 0.6316543817520142
0.04073868691921234 0.3580459654331207 0.6012153029441833
0.00451437896117568 0.9129495024681091 0.08253613859415054
0.02775653637945652 0.7812520265579224 0.19099140167236328
0.35851025581359863 0.11511816829442978 0.5263715982437134
0.02864120528101921 0.31381115317344666 0.657547652721405
0.37132254242897034 0.09928251802921295 0.5293949246406555
0.02445192076265812 0.3286565840244293 0.6468914747238159
0.08737926930189133 0.4644463062286377 0.4481743574142456
0.009663636796176434 0.6830208897590637 0.3073154389858246
0.5716744661331177 0.034419119358062744 0.3939063549041748
0.09993372112512589 0.056673865765333176 0.8433923721313477
0.7110100388526917 0.03490455821156502 0.25408539175987244
0
0.08226919174194336 0.41029152274131775 0.5074392557144165
0.004279209766536951 0.817339301109314 0.1783815175294876
0.14521653950214386 0.20854522287845612 0.6462382078170776
0.16145086288452148 0.08866143226623535 0.7498877048492432
0.27494293451309204 0.10390353947877884 0.6211534738540649
0.0713019147515297 0.0747491642832756 0.8539488911628723
0.3188108503818512 0.09512028843164444 0.586068868637085
0.3969217836856842 0.08856752514839172 0.5145106911659241
0.09823358803987503 0.4265270233154297 0.4752393662929535
0.367031067609787 0.07839588820934296 0.5545730590820312
0.0023599546402692795 0.956624448299408 0.04101565107703209
0.013410501182079315 0.7315883040428162 0.25500115752220154
0.015107904560863972 0.5691763162612915 0.415715754032135
0.0299481563270092 0.13762502372264862 0.8324267864227295
0.015330545604228973 0.5084930658340454 0.4761764109134674
0.020174061879515648 0.5729824900627136 0.40684348344802856
0.4261185824871063 0.07758235931396484 0.4962990880012512
0.01054272148758173 0.7136604189872742 0.2757968604564667
0.36207810044288635 0.0850529745221138 0.5528689026832581
0.055012866854667664 0.3141780197620392 0.6308091282844543
0.860268235206604 0.011729096062481403 0.12800273299217224
0.0676773339509964 0.19855056703090668 0.7337720990180969
0.1290995180606842 0.3598635494709015 0.5110368728637695
0.04247167333960533 0.5731220245361328 0.38440635800361633
0.22610238194465637 0.13721059262752533 0.6366870403289795
0.07960385084152222 0.5910897850990295 0.32930633425712585
0.5467183589935303 0.04597965627908707 0.40730202198028564
0.38155314326286316 0.0749017596244812 0.5435450673103333
0.03905297815799713 0.4758901298046112 0.4850568473339081
0.11939116567373276 0.30581405758857727 0.5747947692871094
0.2635575234889984 0.10852722078561783 0.6279152631759644
0
0.10669893771409988 0.4134768843650818 0.4798242449760437
0.14458836615085602 0.27597156167030334 0.5794400572776794
0.004311924800276756 0.8610302805900574 0.1346578150987625
0.015356083400547504 0.727590024471283 0.2570539116859436
0.19993054866790771 0.32415369153022766 0.4759157598018646
0.05286356806755066 0.45095524191856384 0.4961811304092407
0.013819828629493713 0.5379466414451599 0.44823354482650757
0.019040079787373543 0.7002020478248596 0.28075793385505676
0.0394243448972702 0.36385807394981384 0.5967175960540771
0.05973575636744499 0.35001659393310547 0.5902475714683533
0.020786967128515244 0.7337378263473511 0.24547523260116577
0.00382416183128953 0.8946521878242493 0.10152361541986465
0.006600501015782356 0.7763474583625793 0.21705199778079987
0.029547104611992836 0.6154946088790894 0.35495832562446594
0.02660629153251648 0.25688135623931885 0.7165123224258423
0.0036516422405838966 0.914883017539978 0.08146532624959946
0.022486604750156403 0.5618410110473633 0.4156723916530609
0.2683742940425873 0.02873438410460949 0.7028913497924805
0.09328298270702362 0.491992324590683 0.4147247076034546
0.46820491552352905 0.05970347672700882 0.4720916152000427
0.04500489681959152 0.5447773933410645 0.41021767258644104
0.3677477538585663 0.0892469733953476 0.5430053472518921
0.38559961318969727 0.08674616366624832 0.527654230594635
0.41483908891677856 0.11377793550491333 0.4713829755783081
0.014985213056206703 0.6739774942398071 0.3110373318195343
0.033046066761016846 0.5366116762161255 0.43034228682518005
0.04647054895758629 0.6200619339942932 0.3334674835205078
0.12394431978464127 0.32781171798706055 0.5482439398765564
0.38518911600112915 0.06982144713401794 0.5449894666671753
0.5641992688179016 0.05981656163930893 0.37598416209220886
0.27476856112480164 0.1237337738275528 0.6014976501464844
0.006311667617410421 0.7502707242965698 0.2434176504611969
0.09869787096977234 0.15616776049137115 0.7451344132423401
0.7395687699317932 0.020515291020274162 0.23991599678993225
0
0.5373741984367371 0.069060780107975 0.3935650587081909
0.005620711948722601 0.649190366268158 0.3451889157295227
0.8046491146087646 0.01605246216058731 0.17929838597774506
0.05869491398334503 0.38985610008239746 0.5514490008354187
0.006381611805409193 0.763005793094635 0.23061253130435944
0.26924818754196167 0.17712637782096863 0.5536254644393921
0.4023560881614685 0.11967160552740097 0.4779722988605499
0.022922828793525696 0.8103275299072266 0.16674959659576416
0.13836470246315002 0.29286226630210876 0.5687730312347412
0.22505657374858856 0.10662930458784103 0.6683140993118286
0.48045605421066284 0.05489690229296684 0.4646470546722412
0.35045239329338074 0.12309669703245163 0.5264508724212646
0.64881432056427 0.03034978359937668 0.3208359479904175
0.008206713013350964 0.7612680792808533 0.2305252104997635
0.18202462792396545 0.12533067166805267 0.6926447153091431
0.4495338797569275 0.0738503560423851 0.4766157567501068
0.017210600897669792 0.6800551414489746 0.30273428559303284
0.32239043712615967 0.1645597517490387 0.5130497813224792
0.3618548810482025 0.11547622829675674 0.5226688981056213
0.3207191526889801 0.07781744003295898 0.6014633774757385
0.4414321780204773 0.1194804459810257 0.4390873908996582
0.01272642333060503 0.7006095051765442 0.2866640090942383
0.25399136543273926 0.18095248937606812 0.5650562047958374
0.15756142139434814 0.29548510909080505 0.5469534993171692
0.26607629656791687 0.12957294285297394 0.604350745677948
0.07919427752494812 0.29391080141067505 0.6268948316574097
0.343382865190506 0.11985843628644943 0.5367586612701416
0.3276272714138031 0.10708292573690414 0.5652897953987122
0.005809346679598093 0.8817083239555359 0.11248238384723663
0.21501801908016205 0.15133638679981232 0.6336455345153809
0.06158757209777832 0.402108371257782 0.5363041162490845
0.3576726019382477 0.09068174660205841 0.5516456365585327
0.28213274478912354 0.11944340914487839 0.5984238982200623
0.45994019508361816 0.06908483803272247 0.47097498178482056
0.020540500059723854 0.5723828077316284 0.4070766568183899
0.035109613090753555 0.5491980910301208 0.4156923294067383
0.13250264525413513 0.22173742949962616 0.6457598805427551
0.3120872676372528 0.1729241907596588 0.5149885416030884
0.695061445236206 0.0237972941249609 0.2811412215232849
0.021471776068210602 0.319180428981781 0.6593478322029114
0.4632519483566284 0.1021139919757843 0.43463408946990967
0.7379205822944641 0.021332748234272003 0.2407466024160385
0.3612675964832306 0.0841631144285202 0.5545693635940552
0.3072316348552704 0.18599990010261536 0.5067684650421143
0.25396525859832764 0.2307872176170349 0.5152475833892822
0.05470700189471245 0.3435491621494293 0.6017438173294067
0.0141898887231946 0.2752847373485565 0.7105253338813782
0.02275143936276436 0.7248469591140747 0.2524016201496124
0.06052829697728157 0.12700700759887695 0.812464714050293
0.19189181923866272 0.24835199117660522 0.5597561597824097
0.09223766624927521 0.23364640772342682 0.6741158962249756
0.24602913856506348 0.13661032915115356 0.6173604726791382
0.5327021479606628 0.10904794186353683 0.35824987292289734
0.01689031347632408 0.5679234862327576 0.41518622636795044
0.0887080654501915 0.153675839304924 0.7576161026954651
0.023753654211759567 0.6908901929855347 0.28535616397857666
0.20238547027111053 0.12185264378786087 0.6757618188858032
0.008645854890346527 0.8632006645202637 0.128153458237648
0.4996650815010071 0.09685157984495163 0.4034833312034607
0.3546205461025238 0.07535737007856369 0.5700221657752991
0.11082752048969269 0.28015077114105225 0.6090216636657715
0.02517160400748253 0.49843829870224 0.4763900935649872
0.057421132922172546 0.5330946445465088 0.40948426723480225
0.24339449405670166 0.25971823930740356 0.4968872666358948
0.44799351692199707 0.08383435755968094 0.4681720733642578
0.5091356635093689 0.03562411293387413 0.4552402198314667
0.35051414370536804 0.12856225669384003 0.5209236145019531
0.1940578818321228 0.13118937611579895 0.6747527718544006
0.4032748341560364 0.08188558369874954 0.5148395895957947
0.07362425327301025 0.07352735102176666 0.852848470211029
0.004781542345881462 0.9163094758987427 0.0789090096950531
0.13185691833496094 0.31604593992233276 0.5520971417427063
0.028265230357646942 0.3030499815940857 0.668684720993042
0.23303018510341644 0.11399264633655548 0.6529771089553833
0.2421196848154068 0.20724129676818848 0.5506390333175659
0.025101779028773308 0.5906501412391663 0.3842480778694153
0.15827630460262299 0.13645417988300323 0.7052695155143738
0.10814552009105682 0.2695735692977905 0.6222808957099915
0.06934493780136108 0.25713756680488586 0.6735175251960754
0.5103429555892944 0.0866294875741005 0.4030275344848633
0.0602983683347702 0.5070119500160217 0.4326896369457245
0.44269078969955444 0.06517057120800018 0.4921386241912842
0.4174998104572296 0.0767049640417099 0.5057951807975769
0.015411670319736004 0.7921553254127502 0.1924329698085785
0
0.0874243825674057 0.3063375949859619 0.6062379479408264
0.02930304780602455 0.5538819432258606 0.41681501269340515
0.021489957347512245 0.5277926921844482 0.45071738958358765
0.11705061793327332 0.08360416442155838 0.7993452548980713
0
0.16415150463581085 0.3442205488681793 0.49162793159484863
0.33849167823791504 0.13234125077724457 0.5291669964790344
0.35857805609703064 0.13407087326049805 0.5073510408401489
0.1555444300174713 0.27361559867858887 0.5708400011062622
0.26893723011016846 0.10765998810529709 0.6234027743339539
0.6150461435317993 0.04235915467143059 0.342594712972641
0.13032019138336182 0.1468999981880188 0.7227798700332642
0.12554551661014557 0.16226564347743988 0.7121888399124146
0.224262997508049 0.08277784287929535 0.692959189414978
0.09339766949415207 0.2986781895160675 0.6079241633415222
0.30404019355773926 0.08826088905334473 0.6076989769935608
0.22703324258327484 0.12032510340213776 0.6526417136192322
0.05232689529657364 0.40447837114334106 0.5431947708129883
0.45774132013320923 0.08318248391151428 0.4590761661529541
0.028210574761033058 0.1260138750076294 0.8457756042480469
0.4247165024280548 0.09658176451921463 0.47870171070098877
0.24601271748542786 0.12391597032546997 0.6300712823867798
0.4806751012802124 0.0825251042842865 0.4367997944355011
0.025661587715148926 0.34513309597969055 0.6292052865028381
0.07120633125305176 0.29123377799987793 0.6375598311424255
0.12255944311618805 0.16006030142307281 0.7173803448677063
0.2588667869567871 0.29680135846138 0.44433191418647766
0.1300601065158844 0.18124237656593323 0.6886975765228271
0.09130668640136719 0.4068374037742615 0.5018559098243713
0.0731346607208252 0.3484482169151306 0.5784171223640442
0.024452945217490196 0.2429213970899582 0.7326256632804871
0.11492808908224106 0.2949231266975403 0.5901488065719604
0.004988102242350578 0.868463397026062 0.12654852867126465
0.40506675839424133 0.16657137870788574 0.4283619225025177
0.8181076049804688 0.014700454659759998 0.16719190776348114
0.16960787773132324 0.16720564663410187 0.6631865501403809
0.044179029762744904 0.4726061522960663 0.48321473598480225
0.002983757294714451 0.961909294128418 0.03510694205760956
0.014123567380011082 0.5804864168167114 0.4053899943828583
0.2764589190483093 0.1449805200099945 0.5785605311393738
0.38390305638313293 0.08613402396440506 0.5299628973007202
0.13195210695266724 0.2510764002799988 0.6169715523719788
0.323781281709671 0.15032196044921875 0.5258967876434326
0.02713799476623535 0.2586468756198883 0.7142150402069092
0.5694357752799988 0.059398189187049866 0.3711659908294678
0.4006606340408325 0.08599080890417099 0.5133485794067383
0.06968629360198975 0.3877468705177307 0.5425667762756348
0.014077367261052132 0.7389950752258301 0.24692751467227936
0.10127491503953934 0.1380050927400589 0.7607200145721436
0.5502995848655701 0.041059333831071854 0.4086410701274872
0.3425489068031311 0.1062128022313118 0.5512382984161377
0.013331938534975052 0.5600689649581909 0.42659905552864075
0.009112252853810787 0.8597050309181213 0.1311826854944229
0.07500235736370087 0.3391020894050598 0.5858955979347229
0.0027311337180435658 0.8842800855636597 0.11298874020576477
0.3124082684516907 0.1532575488090515 0.5343342423439026
0.10031072050333023 0.29873931407928467 0.6009499430656433
0.10456018149852753 0.31640899181365967 0.5790308713912964
0.32447993755340576 0.1274353414773941 0.5480846762657166
0.046234142035245895 0.1600658893585205 0.7936999797821045
0.0016688249306753278 0.9319643974304199 0.06636679917573929
0.31289324164390564 0.08388230204582214 0.6032244563102722
0.18320250511169434 0.1949561983346939 0.6218413710594177
0.49758675694465637 0.08986286073923111 0.4125504493713379
0.11047688126564026 0.2491573542356491 0.6403658390045166
0.07469827681779861 0.25698021054267883 0.6683215498924255
0.09419091790914536 0.22358931601047516 0.6822198033332825
0.07224831730127335 0.29186350107192993 0.6358881592750549
0.01946914568543434 0.7820446491241455 0.19848626852035522
0.002073360839858651 0.9463337659835815 0.05159294232726097
0.19312667846679688 0.25783517956733704 0.5490381717681885
0.5862056612968445 0.0575222410261631 0.3562721014022827
0.6076280474662781 0.03278752788901329 0.35958439111709595
0.3593687415122986 0.13471436500549316 0.505916953086853
0.17012754082679749 0.23290833830833435 0.5969641208648682
0.00649384455755353 0.8893038034439087 0.10420237481594086
0.4506014883518219 0.04386984929442406 0.5055286288261414
0.10838291049003601 0.2260129302740097 0.6656041741371155
0.08252919465303421 0.1271514594554901 0.7903193831443787
0.21587228775024414 0.11236919462680817 0.6717585325241089
0
0.24909335374832153 0.14729884266853333 0.6036077737808228
0.03504456579685211 0.5498655438423157 0.41508984565734863
0.022829262539744377 0.0823071077466011 0.8948636054992676
0.22896243631839752 0.15808266401290894 0.6129549145698547
0.38948529958724976 0.07060462981462479 0.5399100184440613
0.21806468069553375 0.14238351583480835 0.6395518183708191
0.6901864409446716 0.01600031554698944 0.29381319880485535
0.18606871366500854 0.15743722021579742 0.6564939618110657
0.4059775769710541 0.09025000780820847 0.5037723779678345
0.17614395916461945 0.15522028505802155 0.6686358451843262
0.01562819629907608 0.4707464575767517 0.5136253237724304
0.03050137870013714 0.42810186743736267 0.5413967370986938
0.004041691776365042 0.9435052275657654 0.05245306342840195
0.21558046340942383 0.07058854401111603 0.7138309478759766
0.00359211303293705 0.7005817294120789 0.29582613706588745
0.013846911489963531 0.5458979606628418 0.44025513529777527
0.3305894732475281 0.08074391633272171 0.588666558265686
0.22859710454940796 0.09335629642009735 0.6780465841293335
0.4252113699913025 0.08469169586896896 0.49009692668914795
0.006635589059442282 0.8498775959014893 0.14348679780960083
0.3134715259075165 0.08565210551023483 0.6008763313293457
0.2646695673465729 0.10017276555299759 0.6351576447486877
0.17761319875717163 0.30606579780578613 0.516321063041687
0.05642955005168915 0.4704597294330597 0.4731106758117676
0.4763466715812683 0.061703506857156754 0.46194982528686523
0.01935654692351818 0.5437595248222351 0.43688392639160156
0.5257165431976318 0.0509590245783329 0.42332443594932556
0.11873181909322739 0.2933382987976074 0.5879298448562622
0.37171870470046997 0.08273899555206299 0.545542299747467
0.14381708204746246 0.2261209934949875 0.63006192445755
0.006144851911813021 0.8210660815238953 0.172789067029953
0.0872657522559166 0.22020241618156433 0.6925318837165833
0.3094823956489563 0.1320594698190689 0.558458149433136
0.07966888695955276 0.05911331996321678 0.8612178564071655
0.32326605916023254 0.06875060498714447 0.6079832911491394
0.08866167813539505 0.23900370299816132 0.6723346710205078
0.03950286656618118 0.6189656257629395 0.3415314853191376
0.0896160751581192 0.38450172543525696 0.5258821249008179
0.1613762229681015 0.17149057984352112 0.6671331524848938
0.05013526976108551 0.43809637427330017 0.5117683410644531
0.008390674367547035 0.2299489825963974 0.7616603970527649
0.18222582340240479 0.27053719758987427 0.547236979007721
0.6360219120979309 0.046340424567461014 0.31763768196105957
0.0265756044536829 0.3468672037124634 0.6265571713447571
0.0893864631652832 0.23313039541244507 0.677483081817627
0.02443557046353817 0.5718941688537598 0.4036702811717987
0.029779598116874695 0.5057289600372314 0.46449142694473267
0.2455814778804779 0.1051982045173645 0.64922034740448
0.0769190564751625 0.42888274788856506 0.49419817328453064
0.328267902135849 0.12355358898639679 0.5481785535812378
0.14939188957214355 0.13996388018131256 0.7106442451477051
0.17823994159698486 0.13151569664478302 0.6902443170547485
0.6646219491958618 0.020099926739931107 0.3152780830860138
0.34279537200927734 0.13135844469070435 0.5258461833000183
0.09037753194570541 0.2749607264995575 0.6346617341041565
0.6280962824821472 0.04256631061434746 0.32933738827705383
0.04851728677749634 0.3942573070526123 0.5572254061698914
0.13323165476322174 0.15123048424720764 0.7155378460884094
0.06924651563167572 0.4287492632865906 0.5020042657852173
0.7729755640029907 0.019723735749721527 0.20730069279670715
0.9364738464355469 0.005283120553940535 0.058243025094270706
0.26319482922554016 0.14461874961853027 0.5921863913536072
0.5187757611274719 0.046778541058301926 0.43444573879241943
0.1807793825864792 0.14585012197494507 0.6733705401420593
0.14630453288555145 0.2345864176750183 0.619109034538269
0.8503010272979736 0.012308437377214432 0.13739058375358582
0.01624467596411705 0.5408909320831299 0.44286438822746277
0.4383384883403778 0.07245520502328873 0.4892062842845917
0.253752738237381 0.11128825694322586 0.6349590420722961
0.09672228246927261 0.14574362337589264 0.7575340867042542
0.194570854306221 0.2318318784236908 0.5735971927642822
0.08618613332509995 0.39022931456565857 0.5235845446586609
0.05755044147372246 0.28898710012435913 0.6534624099731445
0.22041074931621552 0.07805752009153366 0.701531708240509
0.4846550226211548 0.0794258713722229 0.43591904640197754
0.39995336532592773 0.03960699215531349 0.5604396462440491
0.11162777245044708 0.11437037587165833 0.7740018963813782
0.3469366729259491 0.09827462583780289 0.5547887086868286
0.41515693068504333 0.12005306035280228 0.4647899866104126
0.362285315990448 0.05670986697077751 0.5810048580169678
0.015470009297132492 0.6219120025634766 0.36261793971061707
0.09563186764717102 0.2605520486831665 0.6438161134719849
0.12511970102787018 0.24095015227794647 0.6339301466941833
0.5488703846931458 0.06753095984458923 0.3835986852645874
0.5889575481414795 0.04464307427406311 0.366399347782135
0.17631404101848602 0.16780592501163483 0.6558800339698792
0.4924188256263733 0.06471633166074753 0.4428648054599762
0.01111710537225008 0.760581910610199 0.22830098867416382
0.5200414657592773 0.11954551190137863 0.3604130148887634
0.4824387729167938 0.05985593795776367 0.45770522952079773
0.5393874049186707 0.06110943481326103 0.3995031714439392
0.4467083811759949 0.075640007853508 0.47765159606933594
0.19285963475704193 0.3046254813671112 0.5025148987770081
0.2489149123430252 0.07989691942930222 0.6711880564689636
0.315238893032074 0.08931798487901688 0.5954431891441345
0.2066025733947754 0.11981846392154694 0.6735789775848389
0.3176611661911011 0.1166292056441307 0.5657095909118652
0.08022443950176239 0.3354741334915161 0.5843014121055603
0.39853692054748535 0.07024622708559036 0.5312168598175049
0.20222990214824677 0.18160371482372284 0.616166353225708
0.6992373466491699 0.07209641486406326 0.2286662608385086
0.3330020308494568 0.08504963666200638 0.5819482803344727
0.6192771792411804 0.02567601390182972 0.355046808719635
0.33676084876060486 0.0565488301217556 0.6066903471946716
0.4730248749256134 0.07205937802791595 0.45491576194763184
0.3798687160015106 0.09149330109357834 0.5286380052566528
0.09272068738937378 0.3058115243911743 0.6014677286148071
0.36537349224090576 0.06367834657430649 0.5709481239318848
0.7587838768959045 0.018084006384015083 0.22313208878040314
0.025236401706933975 0.6686528325080872 0.3061107397079468
0.029459040611982346 0.8377893567085266 0.13275156915187836
0.33436545729637146 0.10690240561962128 0.5587321519851685
0.026142509654164314 0.5757812261581421 0.39807626605033875
0.49400174617767334 0.07373032718896866 0.4322679340839386
0.33335816860198975 0.08679132163524628 0.5798506140708923
0.01898677833378315 0.667180061340332 0.3138331472873688
0.6336217522621155 0.035967569798231125 0.3304106593132019
0.23430116474628448 0.1657925695180893 0.5999062657356262
0.45048263669013977 0.07014371454715729 0.47937363386154175
0.6246147751808167 0.021847425028681755 0.35353776812553406
0.6174038052558899 0.05777876451611519 0.32481738924980164
0.76905357837677 0.01581622287631035 0.21513015031814575
0.3706543743610382 0.0782967135310173 0.551048994064331
0.9548839926719666 0.005047836806625128 0.04006817191839218
0.2896881699562073 0.10335379093885422 0.6069580316543579
0.2664375603199005 0.08608021587133408 0.6474822759628296
0.6044803857803345 0.030169224366545677 0.3653503358364105
0.49439823627471924 0.04703492671251297 0.4585667848587036
0.46184366941452026 0.06243381276726723 0.4757225513458252
0.22380399703979492 0.18267422914505005 0.5935217142105103
0.22162801027297974 0.15786369144916534 0.6205083131790161
0.26523879170417786 0.1141856461763382 0.6205755472183228
0.6475713849067688 0.02366807870566845 0.3287605345249176
0.7939143776893616 0.02323024906218052 0.18285535275936127
0.3848622143268585 0.14340655505657196 0.4717312455177307
0.22984904050827026 0.2234865128993988 0.5466644167900085
0.604957103729248 0.05987875908613205 0.3351641297340393
0.20384442806243896 0.10674729198217392 0.6894082427024841
0.15816809237003326 0.17417529225349426 0.6676566004753113
0.09936299175024033 0.22736117243766785 0.6732757687568665
0.5977174043655396 0.05320373922586441 0.34907886385917664
0.5485754609107971 0.053655073046684265 0.3977695107460022
0.2735387980937958 0.1905474215745926 0.5359137654304504
0.0633019506931305 0.2378246784210205 0.6988734006881714
0.10932567715644836 0.2708432078361511 0.6198310852050781
0.008423609659075737 0.7649257779121399 0.226650670170784
0.36342698335647583 0.06681093573570251 0.5697620511054993
0.5291202068328857 0.05036231875419617 0.4205175042152405
0.4278099834918976 0.05541674420237541 0.5167732238769531
0.38093748688697815 0.1496017724275589 0.46946078538894653
0.17855717241764069 0.248707577586174 0.5727351903915405
0.2534455358982086 0.2418583631515503 0.5046961307525635
0.12158608436584473 0.37921133637428284 0.4992026388645172
0.4321424663066864 0.08634510636329651 0.4815124273300171
0.014763517305254936 0.6204515695571899 0.3647848963737488
0.31688499450683594 0.08665493130683899 0.5964600443840027
0.7090559601783752 0.025752808898687363 0.2651912569999695
0.1849924474954605 0.15700097382068634 0.6580066084861755
0.5095052123069763 0.04292627051472664 0.44756847620010376
0.4811711609363556 0.040508825331926346 0.47832000255584717
0.5009486079216003 0.08425293862819672 0.41479843854904175
0.20432640612125397 0.14770211279392242 0.647971510887146
0.3047764003276825 0.08732610940933228 0.6078974604606628
0.347148597240448 0.1032024398446083 0.5496489405632019
0.3418114483356476 0.08626868575811386 0.571919858455658
0.0788671225309372 0.3177952766418457 0.6033376455307007
0.5950402021408081 0.031243305653333664 0.3737165331840515
0.40248364210128784 0.06349115818738937 0.5340251922607422
0.1724425107240677 0.20147156715393066 0.6260858774185181
0.6826252341270447 0.03717297688126564 0.28020182251930237
0.31014975905418396 0.09453172236680984 0.5953184366226196
0.7441425323486328 0.02043546549975872 0.2354220151901245
0.046565230935811996 0.3831569254398346 0.5702778697013855
0.2445051521062851 0.1017586886882782 0.6537361145019531
0.37358060479164124 0.10713782161474228 0.5192815661430359
0.13552600145339966 0.16465966403484344 0.6998143792152405
0.20372973382472992 0.09146759659051895 0.7048026919364929
0.5419050455093384 0.07099154591560364 0.3871033787727356
0.13556325435638428 0.28666427731513977 0.5777724981307983
0.015459603630006313 0.6656773090362549 0.31886306405067444
0.021015683189034462 0.7661447525024414 0.2128395140171051
0.3229459822177887 0.13407942652702332 0.542974591255188
0.003164244582876563 0.8008185029029846 0.1960173100233078
0.47295767068862915 0.09661010652780533 0.43043220043182373
0.22298766672611237 0.11330161988735199 0.6637107133865356
0.33009251952171326 0.06915655732154846 0.6007509231567383
0.34188345074653625 0.08415565639734268 0.5739608407020569
0.07826179265975952 0.3475269079208374 0.5742112994194031
0.5445675849914551 0.06018674746155739 0.395245760679245
0.21516108512878418 0.07931692898273468 0.7055220007896423
0.2519957423210144 0.22228653728961945 0.5257177352905273
0.26758453249931335 0.1192501112818718 0.6131653785705566
0.38208886981010437 0.11578146368265152 0.5021296739578247
0.05560462549328804 0.3818223774433136 0.5625730156898499
0.6255020499229431 0.03671465441584587 0.3377832770347595
0.004990439862012863 0.8436529040336609 0.15135666728019714
0.016261696815490723 0.712537944316864 0.27120035886764526
0.4224957525730133 0.07955623418092728 0.4979479908943176
0.41668060421943665 0.08572010695934296 0.4975992739200592
0.27546489238739014 0.13967496156692505 0.5848601460456848
0.2604846656322479 0.1673934906721115 0.572121798992157
0.42645263671875 0.058482132852077484 0.5150652527809143
0.2654987573623657 0.0893351286649704 0.6451660990715027
0.13199031352996826 0.25717201828956604 0.6108376383781433
0.5864993929862976 0.060479335486888885 0.3530212938785553
0.1855200231075287 0.10274947434663773 0.7117304801940918
0.3719194829463959 0.07744408398866653 0.5506364703178406
0.007018035277724266 0.4765126705169678 0.5164692997932434
0.34656915068626404 0.10883508622646332 0.5445957183837891
0.21072964370250702 0.18021680414676666 0.6090534925460815
0.38105690479278564 0.09096051007509232 0.5279826521873474
0.4707932770252228 0.05095457285642624 0.478252112865448
0.19859014451503754 0.12151224166154861 0.6798976063728333
0.6471375823020935 0.024876326322555542 0.32798612117767334
0.5530903339385986 0.05019358545541763 0.39671605825424194
0.428657591342926 0.06132686138153076 0.5100154876708984
0.20455850660800934 0.1109006479382515 0.684540867805481
0.6030775904655457 0.03780218958854675 0.3591201603412628
0.3879662752151489 0.0445963591337204 0.5674374103546143
0.184071347117424 0.09910652786493301 0.7168221473693848
0.19188061356544495 0.15458758175373077 0.6535318493843079
0.5953875184059143 0.04441503807902336 0.36019739508628845
0.08924738317728043 0.35872983932495117 0.5520227551460266
0.1739179939031601 0.1608932912349701 0.665188729763031
0.06609805673360825 0.49389156699180603 0.4400103688240051
0.18046686053276062 0.13545505702495575 0.6840781569480896
0.021048884838819504 0.6415438652038574 0.3374072313308716
0.05901240184903145 0.4137169122695923 0.5272706747055054
0.06421701610088348 0.42593100666999817 0.5098519921302795
0.30794215202331543 0.06815700978040695 0.6239007711410522
0.30563265085220337 0.1801483929157257 0.5142189264297485
0.23921403288841248 0.09363443404436111 0.6671515107154846
0.47376808524131775 0.0899168848991394 0.43631500005722046
0.5071280598640442 0.06714599579572678 0.42572587728500366
0.23465684056282043 0.09039662778377533 0.6749466061592102
0.30690571665763855 0.07398209720849991 0.6191121935844421
0.00941407773643732 0.8336076736450195 0.15697824954986572
0.14557942748069763 0.12730838358402252 0.7271121740341187
0.21702051162719727 0.26129162311553955 0.5216878652572632
0.4765712320804596 0.048128098249435425 0.47530072927474976
0.20510190725326538 0.16084858775138855 0.6340494751930237
0.39372411370277405 0.0412265844643116 0.5650492310523987
0.36803650856018066 0.08897914737462997 0.5429843664169312
0.03897919878363609 0.36700350046157837 0.5940173268318176
0.24813398718833923 0.1275908201932907 0.624275267124176
0.16264954209327698 0.18919013440608978 0.6481602787971497
0.37082594633102417 0.06826353818178177 0.5609105229377747
0.301411896944046 0.11582052707672119 0.5827676653862
0.3429693877696991 0.06720983982086182 0.5898207426071167
0.030912047252058983 0.28903302550315857 0.6800549030303955
0.45349356532096863 0.0847487598657608 0.46175768971443176
0.18893398344516754 0.1223091408610344 0.6887568831443787
0.027022868394851685 0.457455039024353 0.5155221223831177
0.3532814681529999 0.11917626857757568 0.5275422930717468
0.08276338875293732 0.10132188349962234 0.8159146904945374
0.007018035277724266 0.4765126705169678 0.5164692997932434
0.1366683393716812 0.13324521481990814 0.7300864458084106
0.21993416547775269 0.1087067648768425 0.6713590621948242
0.18226854503154755 0.15389218926429749 0.6638392210006714
0.37487173080444336 0.0630236566066742 0.5621046423912048
0.05498304218053818 0.4030185639858246 0.5419983267784119
0.2763162851333618 0.19516386091709137 0.5285199284553528
0.3855879604816437 0.13046640157699585 0.4839456379413605
0.11401033401489258 0.35068345069885254 0.5353062152862549
0.46198898553848267 0.05575433000922203 0.482256680727005
0.047987040132284164 0.36548343300819397 0.5865294933319092
0.19641901552677155 0.11979593336582184 0.683785080909729
0.5869253873825073 0.034628018736839294 0.3784465491771698
0.03545618802309036 0.5340762734413147 0.43046754598617554
0.06631208211183548 0.3521917760372162 0.5814961194992065
0.12494806200265884 0.2198478877544403 0.6552040576934814
0.31733566522598267 0.06567398458719254 0.6169903874397278
0.2552282214164734 0.12858465313911438 0.6161870360374451
0
0.4029017984867096 0.10521432012319565 0.49188387393951416
0.0906759724020958 0.3039637506008148 0.6053602695465088
0.4036825895309448 0.06404794752597809 0.5322694778442383
0.5296231508255005 0.020533457398414612 0.4498433768749237
0.3428994417190552 0.08671236038208008 0.57038813829422
0.7457950115203857 0.03155538812279701 0.22264964878559113
0.13753795623779297 0.2521367073059082 0.610325276851654
0.016944337636232376 0.834384024143219 0.14867161214351654
0.02174464240670204 0.3915117681026459 0.5867435336112976
0.08643791824579239 0.05395331233739853 0.8596087694168091
0.029490172863006592 0.3203912079334259 0.6501185894012451
0.1204594299197197 0.37149742245674133 0.508043110370636
0.038269516080617905 0.14409510791301727 0.8176354169845581
0.038457565009593964 0.6849411129951477 0.2766013741493225
0.4114448130130768 0.08247693628072739 0.50607830286026
0.013163547962903976 0.748839259147644 0.2379971742630005
0.1676316112279892 0.1717914491891861 0.6605769395828247
0.05972658842802048 0.24696750938892365 0.6933058500289917
0.18873241543769836 0.11951567977666855 0.6917519569396973
0.12061505764722824 0.45533397793769836 0.4240509867668152
0.3585473299026489 0.130280002951622 0.5111727118492126
0.038945458829402924 0.06633301079273224 0.894721508026123
0.036886706948280334 0.34423789381980896 0.6188753843307495
0.5067110061645508 0.056009404361248016 0.4372795820236206
0
0.7339830994606018 0.02941158041357994 0.23660530149936676
0.0025485281366854906 0.8463662266731262 0.1510852873325348
0.022395433858036995 0.48253872990608215 0.4950658679008484
0.27502015233039856 0.1511932611465454 0.5737865567207336
0.34831807017326355 0.13741913437843323 0.5142627954483032
0.6929176449775696 0.04756767675280571 0.2595146894454956
0.39630669355392456 0.0978085994720459 0.5058846473693848
0.22900418937206268 0.1607179045677185 0.6102778911590576
0.20330406725406647 0.20517151057720184 0.5915244221687317
0.0061872233636677265 0.7469832301139832 0.2468295395374298
0.36489206552505493 0.11258697509765625 0.5225209593772888
0.008173285983502865 0.8075229525566101 0.18430374562740326
0.14454150199890137 0.3022462725639343 0.5532122254371643
0.05375223979353905 0.07627692073583603 0.8699707984924316
0.038735516369342804 0.3652012050151825 0.5960632562637329
0.03015822358429432 0.43047648668289185 0.539365291595459
0.04964396357536316 0.23745228350162506 0.7129037976264954
0.5038926601409912 0.05080350860953331 0.4453037977218628
0
0.039893850684165955 0.04716566205024719 0.9129405617713928
0.029127828776836395 0.4718480706214905 0.49902403354644775
0.03892209380865097 0.4736489951610565 0.4874289333820343
0.4519968628883362 0.09847725927829742 0.4495258331298828
0.45847246050834656 0.09079897403717041 0.45072856545448303
0.3615564703941345 0.1513090580701828 0.4871344268321991
0.2944411635398865 0.05795568600296974 0.6476031541824341
0.08079256862401962 0.30676621198654175 0.6124412417411804
0.2657051384449005 0.09770062565803528 0.6365942358970642
0.03075420670211315 0.0542852021753788 0.9149606227874756
0.3876660168170929 0.1128598153591156 0.4994741380214691
0.31890249252319336 0.09856071323156357 0.5825368165969849
0.023126967251300812 0.7123650312423706 0.26450803875923157
0.4311550259590149 0.09112313389778137 0.4777218699455261
0.630695641040802 0.024825356900691986 0.3444790244102478
0.016469677910208702 0.23953917622566223 0.7439911365509033
0.027445204555988312 0.544659435749054 0.4278954267501831
0.46970638632774353 0.04916460067033768 0.4811290502548218
0.04720209538936615 0.3456549644470215 0.607142984867096
0.3451501429080963 0.07446826994419098 0.5803816318511963
0.1375766396522522 0.15623492002487183 0.706188440322876
0.08184162527322769 0.03729340061545372 0.8808649182319641
0.07053487002849579 0.0518060140311718 0.877659022808075
0.02825298346579075 0.4727780520915985 0.4989689290523529
0.5766673684120178 0.029140621423721313 0.39419206976890564
0.08295466750860214 0.06274335831403732 0.8543019890785217
0.06971564143896103 0.08424129337072372 0.846043050289154
0.4097050726413727 0.1767856925725937 0.4135092496871948
0.3823373019695282 0.06569649279117584 0.5519661903381348
0.37227311730384827 0.08851218223571777 0.5392146706581116
0.023968782275915146 0.4129164516925812 0.5631147623062134
0.7774037718772888 0.02577534131705761 0.19682085514068604
0.21422351896762848 0.050853196531534195 0.734923243522644
0.0636402815580368 0.025023765861988068 0.9113360047340393
0.176738902926445 0.044273387640714645 0.7789876461029053
0.01062935683876276 0.8552612662315369 0.13410937786102295
0.04021168872714043 0.11729078739881516 0.8424975275993347
0.20477798581123352 0.14666910469532013 0.6485529541969299
0.03966151922941208 0.3989243805408478 0.5614141225814819
0.1555180847644806 0.13285480439662933 0.7116270661354065
0.3092424273490906 0.09460732340812683 0.596150279045105
0.14797012507915497 0.12725003063678741 0.7247797846794128
0.6378728747367859 0.046853967010974884 0.3152731955051422
0.4937923848628998 0.05264737829566002 0.4535602331161499
0.23448379337787628 0.09832741320133209 0.6671887636184692
0.5912762880325317 0.047079429030418396 0.36164429783821106
0.23560647666454315 0.15165890753269196 0.6127346158027649
0.14552761614322662 0.063562773168087 0.7909095287322998
0.3219946622848511 0.10637407004833221 0.5716313123703003
0.037790726870298386 0.7883159518241882 0.1738933026790619
0.21455062925815582 0.12894746661186218 0.656501829624176
0.4872347116470337 0.09602883458137512 0.41673651337623596
0.04342120140790939 0.5795890688896179 0.3769897520542145
0.19066494703292847 0.17873720824718475 0.6305978894233704
0.36264732480049133 0.1295872926712036 0.5077653527259827
0.4548364579677582 0.06912356615066528 0.47603997588157654
0.3294495940208435 0.13100388646125793 0.5395464897155762
0.09894593805074692 0.23466937243938446 0.6663846373558044
0.4032350778579712 0.08873137086629868 0.5080335736274719
0.36357876658439636 0.07238297164440155 0.5640382766723633
